FFT	AudioTools 	v36 iPad battery  27%	15/05/2023, 20:01	Internal Mic 1 Low Range	3E413E14-4E3E-409A-A5B7-705B65920E1E
Frequency	dB	Unweighted
19.5	39.7
19.8	40.1
20.1	40.2
20.3	40.4
20.6	40.6
20.9	40.7
21.2	40.9
21.6	40.9
21.9	41.1
22.2	41.2
22.5	41.4
22.8	41.5
23.2	41.9
23.5	42.1
23.8	42.4
24.2	42.7
24.5	42.9
24.9	43.3
25.3	43.5
25.6	43.8
26	43.9
26.4	44.1
26.8	44.6
27.2	44.9
27.5	45.2
28	45.7
28.4	46
28.8	46.3
29.2	46.6
29.6	46.9
30	47.5
30.5	47.8
30.9	48.2
31.4	48.5
31.8	48.6
32.3	48.8
32.8	48.8
33.2	48.8
33.7	48.7
34.2	48.6
34.7	48.5
35.2	48.6
35.7	48.7
36.2	49
36.8	49.3
37.3	49.9
37.9	50.4
38.4	50.8
39	51.1
39.5	51.3
40.1	51.5
40.7	51.6
41.3	51.7
41.9	52
42.5	52.3
43.1	52.7
43.7	53
44.4	52.9
45	52.6
45.7	52.4
46.3	52.4
47	52.6
47.7	52.8
48.4	52.9
49.1	52.7
49.8	52.6
50.5	52.4
51.3	52.5
52	52.6
52.8	52.8
53.5	53
54.3	53.1
55.1	53.3
55.9	53.7
56.7	54.1
57.5	54.3
58.4	54.4
59.2	54.1
60.1	54
61	54.2
61.8	54.5
62.7	54.7
63.7	55
64.6	55
65.5	54.9
66.5	54.7
67.4	54.8
68.4	55
69.4	55
70.4	54.8
71.5	54.9
72.5	55.5
73.5	55.9
74.6	55.8
75.7	55.6
76.8	55.7
77.9	55.8
79.1	55.4
80.2	55.1
81.4	54.9
82.6	54.9
83.8	55
85	55.3
86.2	55.7
87.5	55.5
88.7	55.2
90	55.5
91.3	55.7
92.7	55.8
94	56.3
95.4	57.2
96.8	57.2
98.2	57.1
99.6	57.2
101	57.2
103	57.1
104	56.7
106	56.7
107	56.9
109	56.9
110	56.7
112	56.7
113	56.8
115	57.3
117	57.5
118	57.2
120	56.5
122	56.2
124	56.3
125	56.3
127	56.1
129	55.7
131	55.7
133	56
135	56.8
137	56.8
139	56
141	55.6
143	55.5
145	55.4
147	55.4
149	55.8
151	56
154	55.9
156	55.1
158	54.9
160	54.7
163	54.8
165	54.8
168	54.7
170	54.7
172	54.8
175	54.7
177	54.5
180	54.2
183	53.9
185	53.7
188	53.8
191	54.1
194	54.3
196	53.9
199	53.9
202	54.2
205	53.9
208	53.6
211	53.8
214	54
217	53.4
220	53.1
224	53
227	53.3
230	53.3
234	53.3
237	53.3
240	53.4
244	53.4
247	53.5
251	53.4
255	53.5
258	53.1
262	53.5
266	54
270	54.3
274	54.6
278	54.6
282	54.5
286	54.2
290	54.3
294	54.2
298	54.1
303	54.2
307	53.9
312	53.5
316	53.5
321	53.4
325	53.5
330	53.4
335	53.2
340	52.9
345	52.8
350	52.9
355	52.9
360	52.9
365	52.8
371	52.6
376	52.5
382	52.4
387	52.6
393	52.8
398	53
404	53
410	53
416	53.8
422	54
428	54.2
434	54.2
441	54.1
447	54.1
454	54.2
460	54
467	53.4
474	53.6
481	53.6
488	53.3
495	53.2
502	53.4
509	53.6
517	53.5
524	53.3
532	53.4
540	53.5
547	53.5
555	53.8
563	53.6
572	53.4
580	53.6
588	53.4
597	53.5
606	53.5
614	53.6
623	53.7
632	53.6
642	53.7
651	54
660	54.1
670	54.1
680	54
690	54
700	54.4
710	54.6
720	54.7
731	54.8
741	55.3
752	55.6
763	55.6
774	55.6
785	55.9
797	56
808	55.8
820	56
832	56.1
844	56.5
856	56.9
869	57.1
882	57.2
894	57.2
907	57.4
921	57.4
934	57.7
948	58
961	58.2
975	58.2
990	58.8
1004	59.1
1019	59.4
1033	59.5
1048	59.8
1064	59.8
1079	60
1095	60.2
1111	60.3
1127	60.3
1143	60.5
1160	60.5
1177	60.5
1194	60.5
1211	60.4
1229	60.4
1247	60.3
1265	60
1283	59.9
1302	59.8
1321	59.7
1340	59.6
1360	59.5
1379	59.3
1399	59.2
1420	59
1440	58.8
1461	58.7
1483	58.7
1504	58.5
1526	58.5
1548	58.4
1571	58.3
1594	58.3
1617	58.3
1640	58.1
1664	57.9
1688	57.8
1713	57.9
1738	57.9
1763	57.5
1789	57.3
1815	57.4
1841	57.4
1868	57.3
1895	57.3
1923	57.4
1951	57.5
1979	57.5
2008	57.7
2037	57.8
2067	58
2097	58.1
2127	58.1
2158	58.4
2190	58.5
2221	58.7
2254	59
2287	59.1
2320	59.3
2354	59.4
2388	59.5
2423	59.5
2458	59.5
2494	59.6
2530	59.7
2567	59.7
2604	59.5
2642	59.5
2680	59.4
2719	59.3
2759	59.1
2799	58.9
2840	58.8
2881	58.6
2923	58.5
2965	58.4
3008	58.1
3052	57.9
3097	57.6
3142	57.5
3187	57.3
3234	57.2
3281	57.1
3328	57
3377	56.9
3426	56.9
3476	56.8
3526	56.9
3578	57
3630	57
3682	56.9
3736	56.9
3790	56.9
3846	56.9
3901	57
3958	57.1
4016	57.2
4074	57.5
4133	57.8
4194	57.8
4255	58.2
4316	58.6
4379	59.2
4443	60.2
4508	60.8
4573	61.5
4640	61.9
4707	63.6
4776	64.2
4845	64.4
4916	64.5
4987	64.7
5060	64.3
5133	63.4
5208	62.5
5284	60.9
5360	59.8
5438	58.9
5518	57.7
5598	56.3
5679	55.1
5762	54.6
5846	54.1
5931	53.9
6017	53.7
6104	53.5
6193	53.5
6283	53.6
6375	53.8
6467	54
6561	54.3
6657	53.9
6754	54.1
6852	54.6
6952	54.8
7053	54.8
7155	55.2
7259	55.6
7365	56.1
7472	56.3
7581	56.7
7691	57.3
7803	57.5
7916	57.8
8032	57.9
8148	57.7
8267	57.1
8387	57.2
8509	56.8
8633	56.2
8758	56
8886	56.5
9015	56.8
9146	57.4
9279	58.3
9414	58.8
9551	58.8
9690	57.8
9831	56.9
9974	54.5
10119	53.2
10266	51.8
10416	50
10567	49.9
10721	48.6
10877	47.7
11035	47.1
11196	46
11358	45.5
11524	45.1
11691	44.5
11861	43.6
12034	43.5
12209	43.7
12386	44.1
12567	46.1
12749	47.2
12935	50
13123	51.7
13314	52.2
13507	49.3
13704	46.4
13903	44.3
14105	40.8
14311	39.3
14519	37.3
14730	36.4
14944	36.4
15162	36.1
15382	36
15606	36.1
15833	36.2
16063	36.6
16297	38.5
16534	40.4
16774	42.7
17018	46.4
17266	47.4
17517	45.7
17772	43.5
18030	42.2
18293	40.8
18559	40
18829	37.8
19102	36.1
19380	34.6
20000	31.6
overall dB	71.9 dB
decay	Average
averaging	1/24 Octave
source	Internal Mic 1 Low Range
latitude	52
longitude	4.357
saved	15/05/2023, 20:01
peak	95.2Hz
