FFT	AudioTools 	v16.1.4 iPad battery  59%	07/01/2023, 01:22	USB-C to 3.5mm Headphone Jack Adapter L Mic Low Range	3E413E14-4E3E-409A-A5B7-705B65920E1E
Frequency	dB	Unweighted
19.5	76.3
19.8	76.3
20.1	76.3
20.3	76.3
20.6	76.4
20.9	76.4
21.2	76.5
21.6	76.6
21.9	76.7
22.2	76.8
22.5	76.9
22.8	77
23.2	77.1
23.5	77.1
23.8	77.2
24.2	77.3
24.5	77.3
24.9	77.5
25.3	77.5
25.6	77.6
26	77.7
26.4	77.7
26.8	77.8
27.2	77.8
27.5	77.8
28	77.8
28.4	77.8
28.8	77.8
29.2	77.9
29.6	77.9
30	78
30.5	78.1
30.9	78
31.4	78
31.8	78
32.3	78
32.8	78
33.2	78
33.7	78.1
34.2	78.2
34.7	78.3
35.2	78.4
35.7	78.4
36.2	78.5
36.8	78.4
37.3	78.4
37.9	78.4
38.4	78.5
39	78.5
39.5	78.6
40.1	78.6
40.7	78.4
41.3	78.3
41.9	78.2
42.5	78.2
43.1	78.3
43.7	78.4
44.4	78.4
45	78.3
45.7	78.2
46.3	78.1
47	78.2
47.7	78.3
48.4	78.3
49.1	78.3
49.8	78.3
50.5	78.4
51.3	78.4
52	78.5
52.8	78.4
53.5	78.4
54.3	78.3
55.1	78.3
55.9	78.3
56.7	78.4
57.5	78.5
58.4	78.6
59.2	78.7
60.1	78.7
61	78.7
61.8	78.7
62.7	78.6
63.7	78.6
64.6	78.7
65.5	78.8
66.5	78.8
67.4	78.9
68.4	79
69.4	78.9
70.4	78.8
71.5	78.9
72.5	78.9
73.5	78.8
74.6	78.7
75.7	78.6
76.8	78.7
77.9	78.7
79.1	78.7
80.2	78.7
81.4	78.7
82.6	78.6
83.8	78.5
85	78.6
86.2	78.9
87.5	79
88.7	79.1
90	79.1
91.3	79.1
92.7	79.2
94	79.4
95.4	79.3
96.8	79.3
98.2	79.3
99.6	79.4
101	79.3
103	79.3
104	79.4
106	79.4
107	79.6
109	79.6
110	79.4
112	79.3
113	79.4
115	79.4
117	79.5
118	79.5
120	79.6
122	79.7
124	79.7
125	79.6
127	79.6
129	79.7
131	79.6
133	79.6
135	79.5
137	79.5
139	79.5
141	79.6
143	79.6
145	79.6
147	79.6
149	79.6
151	79.6
154	79.6
156	79.4
158	79.5
160	79.5
163	79.4
165	79.4
168	79.3
170	79.3
172	79.4
175	79.4
177	79.4
180	79.5
183	79.5
185	79.5
188	79.4
191	79.4
194	79.4
196	79.3
199	79.2
202	79.3
205	79.3
208	79.2
211	79.3
214	79.4
217	79.4
220	79.4
224	79.4
227	79.4
230	79.5
234	79.7
237	79.8
240	79.8
244	80
247	80.4
251	80.5
255	80.6
258	80.5
262	81.1
266	81.4
270	81.5
274	81.7
278	81.8
282	81.9
286	82
290	82
294	81.9
298	81.9
303	81.9
307	82.1
312	81.9
316	82
321	82
325	82.1
330	82.1
335	82.1
340	82
345	82
350	82.1
355	82.2
360	82.3
365	82.4
371	82.6
376	82.8
382	82.9
387	83
393	83.4
398	83.5
404	83.7
410	83.9
416	84.9
422	85.2
428	85.4
434	85.6
441	85.9
447	86.1
454	86.3
460	86.3
467	86.1
474	86.2
481	86.2
488	86.3
495	86.3
502	86.4
509	86.5
517	86.5
524	86.3
532	86
540	85.8
547	85.7
555	85.4
563	85.1
572	84.7
580	84.3
588	83.9
597	83.4
606	82.9
614	82.4
623	81.6
632	81
642	80.6
651	79.8
660	79.1
670	78.2
680	77.5
690	76.8
700	76
710	75.6
720	75.5
731	75.8
741	76.4
752	77.2
763	77.6
774	77.9
785	78.1
797	78.1
808	77.9
820	77.6
832	77.2
844	76.9
856	76.6
869	76.2
882	75.6
894	75.3
907	74.8
921	74.5
934	74.4
948	74.1
961	73.8
975	73.4
990	73.5
1004	73.3
1019	72.8
1033	72.6
1048	72.4
1064	72.1
1079	71.9
1095	71.7
1111	71.3
1127	71
1143	70.7
1160	70.4
1177	69.9
1194	69.7
1211	69.4
1229	69.1
1247	68.8
1265	68.4
1283	68.1
1302	67.9
1321	67.7
1340	67.6
1360	67.4
1379	67.2
1399	67.1
1420	66.9
1440	66.7
1461	66.5
1483	66.3
1504	66.1
1526	66
1548	65.8
1571	65.8
1594	65.5
1617	65.5
1640	65.3
1664	65.1
1688	64.8
1713	64.9
1738	64.7
1763	64.4
1789	64.2
1815	64.2
1841	64.1
1868	64
1895	64
1923	64.2
1951	64.4
1979	64.4
2008	64.9
2037	65.1
2067	65.6
2097	66
2127	66.3
2158	66.9
2190	67.4
2221	68.1
2254	68.7
2287	69.1
2320	69.6
2354	70
2388	70.2
2423	69.5
2458	68.3
2494	66.7
2530	66.4
2567	66.2
2604	67
2642	67.5
2680	68
2719	68.2
2759	68.4
2799	68.6
2840	68.8
2881	69
2923	69.3
2965	69.5
3008	69.9
3052	70.1
3097	70.4
3142	70.9
3187	71.3
3234	71.7
3281	72.1
3328	72.4
3377	72.9
3426	73.3
3476	73.6
3526	74.4
3578	74.8
3630	75.1
3682	75.3
3736	75.3
3790	75.1
3846	74.8
3901	74.2
3958	73.4
4016	72.5
4074	71.6
4133	70.7
4194	69.9
4255	69
4316	68.4
4379	67.9
4443	68.1
4508	68
4573	67.9
4640	67.6
4707	68.7
4776	69
4845	69.1
4916	69.2
4987	69.9
5060	70.4
5133	71.1
5208	71.7
5284	72.1
5360	72.9
5438	73.7
5518	73.9
5598	72.6
5679	70
5762	68.6
5846	66.8
5931	65
6017	63.6
6104	62.1
6193	60.5
6283	59.4
6375	58.1
6467	57
6561	55.9
6657	54.1
6754	53.4
6852	52.4
6952	51.9
7053	50.9
7155	49.9
7259	49.2
7365	48.7
7472	47.8
7581	47.3
7691	46.9
7803	46.8
7916	46.7
8032	46.5
8148	46.4
8267	46.6
8387	47.1
8509	47.5
8633	47.7
8758	47.9
8886	48.8
9015	49.3
9146	50.1
9279	51.7
9414	52.7
9551	53.7
9690	55.3
9831	56.3
9974	56.4
10119	55.6
10266	53.6
10416	50.1
10567	49.3
10721	46.4
10877	44.7
11035	43.5
11196	41.6
11358	40.7
11524	39.9
11691	39.1
11861	38.1
12034	37.8
12209	37.9
12386	38.4
12567	40.9
12749	42.3
12935	44.4
13123	45.1
13314	45.4
13507	46.6
13704	48.5
13903	50.2
14105	51.9
14311	51.5
14519	48.2
14730	46.1
14944	45.4
15162	44.3
15382	44
15606	43.4
15833	41.7
16063	38.9
16297	31.7
16534	30.6
16774	31.9
17018	35.1
17266	37.1
17517	42.7
17772	46.9
18030	49
18293	47.3
18559	43.7
18829	38.6
19102	36.2
19380	35
20000	33.4
overall dB	102.2 dB
decay	Average
averaging	1/24 Octave
source	USB-C to 3.5mm Headphone Jack Adapter L Mic Low Range
latitude	52
longitude	4.358
saved	07/01/2023, 01:22
peak	19.0Hz
