FFT	AudioTools 	v16.1.4 iPad battery 100%	07/01/2023, 12:45	USB-C to 3.5mm Headphone Jack Adapter L Mic Low Range	3E413E14-4E3E-409A-A5B7-705B65920E1E
Frequency	dB	Unweighted
19.5	39.9
19.8	40.2
20.1	40.3
20.3	40.4
20.6	40.6
20.9	40.8
21.2	41
21.6	41.1
21.9	41.3
22.2	41.5
22.5	41.6
22.8	41.7
23.2	41.8
23.5	41.9
23.8	42.1
24.2	42.3
24.5	42.4
24.9	42.7
25.3	42.9
25.6	43.1
26	43.3
26.4	43.4
26.8	43.6
27.2	43.7
27.5	43.8
28	43.9
28.4	44
28.8	44.1
29.2	44.1
29.6	44.2
30	44.4
30.5	44.5
30.9	44.5
31.4	44.6
31.8	44.7
32.3	44.8
32.8	44.8
33.2	44.9
33.7	45.1
34.2	45.1
34.7	45.2
35.2	45.3
35.7	45.3
36.2	45.4
36.8	45.4
37.3	45.4
37.9	45.4
38.4	45.5
39	45.6
39.5	45.6
40.1	45.6
40.7	45.5
41.3	45.3
41.9	45.3
42.5	45.4
43.1	45.5
43.7	45.7
44.4	45.8
45	45.8
45.7	45.8
46.3	45.7
47	45.8
47.7	45.9
48.4	45.9
49.1	45.8
49.8	45.8
50.5	46
51.3	46.1
52	46.1
52.8	46.1
53.5	46.1
54.3	46.1
55.1	46
55.9	46
56.7	46.1
57.5	46.3
58.4	46.4
59.2	46.5
60.1	46.6
61	46.7
61.8	46.7
62.7	46.7
63.7	46.6
64.6	46.5
65.5	46.5
66.5	46.5
67.4	46.5
68.4	46.6
69.4	46.5
70.4	46.5
71.5	46.5
72.5	46.5
73.5	46.4
74.6	46.4
75.7	46.4
76.8	46.4
77.9	46.5
79.1	46.5
80.2	46.6
81.4	46.6
82.6	46.6
83.8	46.5
85	46.4
86.2	46.5
87.5	46.6
88.7	46.7
90	46.7
91.3	46.7
92.7	46.7
94	46.8
95.4	46.8
96.8	46.7
98.2	46.7
99.6	46.8
101	46.7
103	46.7
104	46.8
106	46.8
107	46.8
109	46.7
110	46.6
112	46.7
113	46.7
115	46.6
117	46.5
118	46.5
120	46.6
122	46.6
124	46.5
125	46.4
127	46.3
129	46.5
131	46.6
133	46.5
135	46.2
137	46.1
139	46
141	46.1
143	46.1
145	46.1
147	46.1
149	46
151	45.9
154	45.8
156	45.7
158	45.6
160	45.5
163	45.3
165	45.2
168	45.1
170	45.1
172	45.1
175	45
177	44.9
180	44.8
183	44.7
185	44.7
188	44.5
191	44.4
194	44.5
196	44.3
199	44.2
202	44
205	43.9
208	43.8
211	43.7
214	43.7
217	43.6
220	43.6
224	43.4
227	43.2
230	43.1
234	43.2
237	43.4
240	43.3
244	43
247	43.2
251	43.3
255	43.3
258	43.1
262	43.5
266	43.7
270	43.6
274	43.5
278	43.6
282	43.6
286	43.4
290	43.4
294	43.1
298	42.9
303	42.9
307	42.7
312	42.3
316	42.2
321	42
325	42
330	41.8
335	41.5
340	41.3
345	41.1
350	41
355	40.9
360	40.7
365	40.5
371	40.5
376	40.4
382	40.1
387	40
393	40.2
398	40.1
404	40
410	40
416	40.5
422	40.6
428	40.5
434	40.5
441	40.6
447	40.4
454	40.2
460	40.1
467	39.7
474	39.5
481	39.2
488	39
495	38.9
502	38.7
509	38.8
517	38.6
524	38.2
532	38.1
540	37.9
547	37.8
555	37.7
563	37.7
572	37.5
580	37.4
588	37.1
597	36.9
606	36.8
614	36.6
623	36.2
632	36.1
642	36.1
651	35.9
660	35.7
670	35.3
680	35.2
690	35
700	35
710	34.9
720	34.9
731	34.6
741	34.5
752	34.5
763	34.4
774	34.2
785	33.9
797	33.8
808	33.5
820	33.2
832	32.9
844	32.8
856	32.7
869	32.6
882	32.3
894	32.1
907	32
921	31.8
934	31.8
948	31.7
961	31.5
975	31.1
990	31.4
1004	31.4
1019	31.1
1033	31
1048	30.8
1064	30.7
1079	30.6
1095	30.5
1111	30.3
1127	30.1
1143	29.8
1160	29.7
1177	29.6
1194	29.4
1211	29.2
1229	29
1247	29
1265	28.9
1283	28.9
1302	28.9
1321	29.2
1340	29.4
1360	29.3
1379	29.5
1399	29.8
1420	30.2
1440	30.4
1461	30.5
1483	31
1504	31.2
1526	31.6
1548	31.7
1571	32
1594	32.3
1617	32.5
1640	32.6
1664	32.7
1688	32.8
1713	33
1738	32.9
1763	32.7
1789	32.6
1815	32.7
1841	32.6
1868	32.5
1895	32.4
1923	32.4
1951	32.4
1979	32.3
2008	32.3
2037	32.3
2067	32.3
2097	32.2
2127	32.2
2158	32.2
2190	32.2
2221	32.2
2254	32.3
2287	32.3
2320	32.4
2354	32.5
2388	32.6
2423	32.7
2458	32.8
2494	33
2530	33.2
2567	33.3
2604	33.4
2642	33.5
2680	33.8
2719	34
2759	34
2799	34.3
2840	34.5
2881	34.7
2923	35.1
2965	35.3
3008	35.6
3052	35.8
3097	35.9
3142	36.3
3187	36.5
3234	36.7
3281	36.9
3328	37
3377	37.2
3426	37.3
3476	37.4
3526	37.8
3578	38.1
3630	38.3
3682	38.4
3736	38.6
3790	38.9
3846	39.2
3901	39.6
3958	39.9
4016	40.2
4074	40.8
4133	41.2
4194	41.5
4255	42.1
4316	42.6
4379	43.3
4443	44.1
4508	44.5
4573	44.8
4640	44.7
4707	45.8
4776	45.8
4845	45.6
4916	45.3
4987	45.6
5060	45.6
5133	45.4
5208	45.3
5284	44.8
5360	44.8
5438	44.9
5518	45.1
5598	44.7
5679	44.8
5762	44.7
5846	44.3
5931	43.4
6017	42.1
6104	40.5
6193	38.6
6283	37.1
6375	35.4
6467	34
6561	32.7
6657	30.5
6754	29.3
6852	27.7
6952	27
7053	25.7
7155	24.6
7259	23.9
7365	23.3
7472	22.1
7581	21.5
7691	20.8
7803	20.6
7916	20.3
8032	20.1
8148	19.9
8267	19.8
8387	20.3
8509	20.4
8633	20.7
8758	20.9
8886	21.8
9015	22.2
9146	22.8
9279	24.1
9414	25.1
9551	26.6
9690	29.5
9831	31
9974	31.5
10119	30.3
10266	27.5
10416	23.3
10567	22.3
10721	19.7
10877	18.5
11035	17.7
11196	16.1
11358	15.3
11524	14.6
11691	13.9
11861	12.9
12034	12
12209	11.7
12386	11.7
12567	12.7
12749	13.3
12935	14.5
13123	15.3
13314	16
13507	17.5
13704	19.1
13903	20.6
14105	23.3
14311	24.2
14519	24.2
14730	23.6
14944	23.8
15162	23.7
15382	23.5
15606	21.1
15833	18.1
16063	15.7
16297	11.4
16534	8.9
16774	7.9
17018	6.5
17266	6.3
17517	7.3
17772	8.8
18030	9.2
18293	7.9
18559	7.6
18829	6.7
19102	6.5
19380	6.6
20000	8.1
overall dB	66 dB
decay	Average
averaging	1/24 Octave
source	USB-C to 3.5mm Headphone Jack Adapter L Mic Low Range
latitude	52
longitude	4.358
saved	07/01/2023, 12:45
peak	40.0Hz
