FFT	AudioTools 	v16.1.4 iPad battery  60%	07/01/2023, 01:19	USB-C to 3.5mm Headphone Jack Adapter L Mic Low Range	3E413E14-4E3E-409A-A5B7-705B65920E1E
Frequency	dB	Unweighted
19.5	73.4
19.8	73.5
20.1	73.5
20.3	73.5
20.6	73.6
20.9	73.7
21.2	73.8
21.6	73.8
21.9	73.9
22.2	74
22.5	74
22.8	74
23.2	74
23.5	74
23.8	74
24.2	74.1
24.5	74.1
24.9	74.2
25.3	74.3
25.6	74.4
26	74.4
26.4	74.4
26.8	74.4
27.2	74.4
27.5	74.3
28	74.2
28.4	74.2
28.8	74.2
29.2	74.2
29.6	74.2
30	74.3
30.5	74.4
30.9	74.4
31.4	74.3
31.8	74.3
32.3	74.3
32.8	74.2
33.2	74.2
33.7	74.1
34.2	74.1
34.7	73.8
35.2	73.7
35.7	73.6
36.2	73.5
36.8	73.4
37.3	73.3
37.9	73.3
38.4	73.3
39	73.3
39.5	73.3
40.1	73.3
40.7	73.1
41.3	73
41.9	72.9
42.5	72.9
43.1	72.9
43.7	72.9
44.4	72.9
45	72.8
45.7	72.7
46.3	72.5
47	72.5
47.7	72.5
48.4	72.5
49.1	72.2
49.8	71.9
50.5	71.9
51.3	71.9
52	71.9
52.8	71.8
53.5	71.7
54.3	71.6
55.1	71.4
55.9	71.3
56.7	71.4
57.5	71.5
58.4	71.7
59.2	71.7
60.1	71.6
61	71.4
61.8	71.1
62.7	71
63.7	70.8
64.6	70.7
65.5	70.6
66.5	70.5
67.4	70.4
68.4	70.4
69.4	70.4
70.4	70.3
71.5	70.3
72.5	70.2
73.5	69.9
74.6	69.7
75.7	69.6
76.8	69.5
77.9	69.4
79.1	69.3
80.2	69.2
81.4	69.1
82.6	69
83.8	68.9
85	68.8
86.2	68.9
87.5	69
88.7	69.2
90	69.2
91.3	68.9
92.7	68.8
94	68.8
95.4	68.6
96.8	68.5
98.2	68.4
99.6	68.4
101	68.2
103	68.1
104	68.1
106	68
107	68
109	67.9
110	67.8
112	67.7
113	67.5
115	67.3
117	67.2
118	67.2
120	67.2
122	67.2
124	67
125	66.8
127	66.5
129	66.5
131	66.6
133	66.6
135	66.1
137	65.9
139	65.8
141	65.8
143	65.7
145	65.8
147	65.8
149	65.5
151	65.2
154	65
156	64.8
158	64.8
160	64.6
163	64.6
165	64.5
168	64.3
170	64.2
172	63.9
175	63.7
177	63.6
180	63.4
183	63.2
185	63.2
188	63
191	62.9
194	62.8
196	62.5
199	62.3
202	62.3
205	62.3
208	62.2
211	61.9
214	61.7
217	61.6
220	61.6
224	61.5
227	61.3
230	61.3
234	61.3
237	61.2
240	61.1
244	61
247	61.3
251	61.3
255	61
258	60.9
262	61.3
266	61.6
270	61.7
274	61.5
278	61.6
282	61.6
286	61.2
290	61.1
294	60.8
298	60.8
303	60.8
307	60.4
312	60
316	60.1
321	59.9
325	59.8
330	59.5
335	59.3
340	59.1
345	58.9
350	58.6
355	58.5
360	58.5
365	58.4
371	58.4
376	58.3
382	58.3
387	58.3
393	58.3
398	58
404	58.1
410	58.2
416	58.7
422	58.8
428	58.7
434	58.7
441	58.7
447	58.8
454	58.8
460	58.7
467	58.4
474	58.4
481	58.2
488	57.9
495	57.9
502	57.9
509	57.9
517	57.9
524	57.6
532	57.5
540	57.3
547	57.3
555	57.5
563	57.4
572	57.2
580	56.9
588	56.7
597	56.7
606	56.8
614	56.9
623	56.6
632	56.6
642	56.7
651	56.6
660	56.4
670	56.3
680	56.4
690	56.3
700	56.4
710	56.4
720	56.3
731	56.3
741	56.4
752	56.3
763	56.4
774	56.4
785	56.4
797	56.5
808	56.6
820	56.5
832	56.2
844	56.1
856	56.1
869	56.1
882	56.1
894	56.1
907	56.1
921	56.1
934	56.3
948	56.5
961	56.5
975	56.4
990	56.6
1004	56.7
1019	56.7
1033	56.9
1048	58
1064	58.4
1079	58.7
1095	58.9
1111	58.8
1127	58.8
1143	59
1160	59.1
1177	59.3
1194	59.5
1211	59.7
1229	60.2
1247	60.3
1265	59.5
1283	58.2
1302	56.7
1321	56
1340	56.3
1360	56.7
1379	57.6
1399	57.9
1420	58.4
1440	58.6
1461	58.9
1483	59.4
1504	59.6
1526	60.1
1548	60.2
1571	60.5
1594	60.8
1617	61.2
1640	61.3
1664	61.7
1688	61.9
1713	62.3
1738	62.4
1763	62.5
1789	62.9
1815	63.3
1841	63.7
1868	64
1895	64.3
1923	64.9
1951	65.3
1979	65.6
2008	66.4
2037	66.8
2067	67.6
2097	68.1
2127	68.6
2158	69.5
2190	70.1
2221	70.8
2254	71.5
2287	72.1
2320	72.8
2354	73.2
2388	73.6
2423	74
2458	74
2494	74
2530	73.8
2567	73.5
2604	73.2
2642	73
2680	72.5
2719	72.1
2759	71.8
2799	71.5
2840	71.3
2881	71.1
2923	71.1
2965	71.1
3008	71.1
3052	71.1
3097	71.2
3142	71.5
3187	71.7
3234	72
3281	72.4
3328	72.7
3377	73.2
3426	73.5
3476	73.8
3526	74.5
3578	74.7
3630	74.6
3682	74.3
3736	73.8
3790	72.6
3846	71.6
3901	70.2
3958	69
4016	67.8
4074	66.5
4133	65.5
4194	64.6
4255	63.4
4316	62.7
4379	62.3
4443	62.4
4508	62.3
4573	62.3
4640	62.5
4707	63.7
4776	65.1
4845	66.4
4916	66.8
4987	67.8
5060	68.3
5133	68.8
5208	68.8
5284	68.3
5360	67.9
5438	67.8
5518	68.2
5598	67.9
5679	67.4
5762	67.3
5846	67
5931	67
6017	67.2
6104	67.7
6193	68.6
6283	69.7
6375	71.1
6467	71.9
6561	72
6657	70.1
6754	68.1
6852	65
6952	63.8
7053	62.4
7155	60.8
7259	59.7
7365	58.7
7472	57.3
7581	56.5
7691	55.8
7803	55.5
7916	55.3
8032	55.2
8148	55.2
8267	55.5
8387	56.2
8509	56.7
8633	57.8
8758	58.6
8886	60.9
9015	61.9
9146	62.8
9279	64.5
9414	65.3
9551	65.9
9690	66.8
9831	66.6
9974	63.9
10119	62.2
10266	60.1
10416	57.6
10567	57.4
10721	56.4
10877	55.9
11035	55.8
11196	56.2
11358	56.8
11524	58
11691	60.1
11861	59.8
12034	57.8
12209	55.6
12386	53.9
12567	51.7
12749	50.6
12935	48.3
13123	46.9
13314	46.2
13507	45.3
13704	45.2
13903	45.1
14105	44.3
14311	43.9
14519	43.8
14730	44.1
14944	44.9
15162	46.1
15382	46.7
15606	45.7
15833	41.4
16063	37.8
16297	34.9
16534	35.6
16774	36.8
17018	38
17266	38.4
17517	40.9
17772	47.5
18030	50.8
18293	45
18559	41.9
18829	40
19102	39.9
19380	40.2
20000	41.4
overall dB	92.8 dB
decay	Average
averaging	1/24 Octave
source	USB-C to 3.5mm Headphone Jack Adapter L Mic Low Range
latitude	52
longitude	4.358
saved	07/01/2023, 01:19
peak	16.1Hz
