FFT	AudioTools 	v16.1.4 iPad battery  69%	06/01/2023, 15:01	USB-C to 3.5mm Headphone Jack Adapter L Mic Low Range	3E413E14-4E3E-409A-A5B7-705B65920E1E
Frequency	dB	Unweighted
19.5	70.6
19.8	70.6
20.1	70.6
20.3	70.6
20.6	70.7
20.9	70.8
21.2	70.9
21.6	70.9
21.9	71
22.2	71.1
22.5	71.2
22.8	71.2
23.2	71.2
23.5	71.3
23.8	71.3
24.2	71.3
24.5	71.4
24.9	71.4
25.3	71.4
25.6	71.5
26	71.5
26.4	71.5
26.8	71.5
27.2	71.4
27.5	71.4
28	71.3
28.4	71.2
28.8	71.2
29.2	71.1
29.6	71.1
30	71
30.5	71
30.9	70.9
31.4	70.8
31.8	70.8
32.3	70.7
32.8	70.6
33.2	70.6
33.7	70.5
34.2	70.5
34.7	70.5
35.2	70.5
35.7	70.5
36.2	70.5
36.8	70.4
37.3	70.4
37.9	70.4
38.4	70.4
39	70.4
39.5	70.4
40.1	70.3
40.7	70.1
41.3	70
41.9	69.8
42.5	69.7
43.1	69.7
43.7	69.6
44.4	69.5
45	69.4
45.7	69.2
46.3	69
47	69
47.7	69
48.4	69
49.1	68.7
49.8	68.5
50.5	68.4
51.3	68.4
52	68.4
52.8	68.4
53.5	68.3
54.3	68.2
55.1	68.1
55.9	68
56.7	68.1
57.5	68.2
58.4	68.2
59.2	68.2
60.1	68.1
61	68.1
61.8	68.1
62.7	68
63.7	67.8
64.6	67.8
65.5	67.7
66.5	67.5
67.4	67.5
68.4	67.5
69.4	67.4
70.4	67.3
71.5	67.2
72.5	67.2
73.5	67
74.6	66.8
75.7	66.7
76.8	66.6
77.9	66.6
79.1	66.5
80.2	66.3
81.4	66.2
82.6	66
83.8	66
85	66.1
86.2	66.2
87.5	66.2
88.7	66.1
90	66.1
91.3	66
92.7	66.1
94	66.2
95.4	66.2
96.8	66.1
98.2	66
99.6	66.1
101	65.9
103	65.8
104	65.8
106	65.8
107	65.9
109	65.8
110	65.6
112	65.2
113	65.1
115	65.1
117	65.2
118	65.1
120	65.2
122	65.2
124	65.1
125	64.9
127	64.7
129	64.7
131	64.7
133	64.6
135	64.6
137	64.6
139	64.4
141	64.3
143	64.2
145	64.1
147	64
149	64
151	63.9
154	63.8
156	63.5
158	63.5
160	63.5
163	63.4
165	63.3
168	63.2
170	63.2
172	63.2
175	63.1
177	63
180	62.8
183	62.8
185	62.8
188	62.6
191	62.6
194	62.6
196	62.4
199	62.4
202	62.4
205	62.2
208	62
211	62
214	62.1
217	61.9
220	61.8
224	61.7
227	61.8
230	61.8
234	61.9
237	61.8
240	61.8
244	61.9
247	62.3
251	62.3
255	62.2
258	62
262	62.6
266	62.7
270	62.7
274	62.9
278	62.9
282	62.9
286	62.8
290	62.7
294	62.5
298	62.4
303	62.4
307	62.3
312	62
316	61.9
321	61.9
325	62
330	61.8
335	61.6
340	61.3
345	61.2
350	61.2
355	61.3
360	61.3
365	61.3
371	61.1
376	61
382	60.9
387	61
393	61.2
398	61.2
404	61.3
410	61.3
416	62.1
422	62.3
428	62.3
434	62.2
441	62.3
447	62.3
454	62.4
460	62.4
467	62
474	61.9
481	61.9
488	61.9
495	61.7
502	61.9
509	62
517	61.9
524	61.8
532	61.7
540	61.7
547	61.7
555	61.7
563	61.7
572	61.6
580	61.6
588	61.5
597	61.5
606	61.4
614	61.5
623	61.4
632	61.3
642	61.3
651	61.3
660	61.3
670	61.3
680	61.3
690	61.2
700	61.5
710	61.6
720	61.5
731	61.4
741	61.6
752	61.5
763	61.5
774	61.4
785	61.6
797	61.7
808	61.8
820	61.7
832	61.6
844	61.6
856	61.7
869	61.6
882	61.5
894	61.6
907	61.6
921	61.6
934	61.8
948	62
961	62
975	62.1
990	62.5
1004	62.5
1019	62.6
1033	62.6
1048	62.9
1064	62.9
1079	62.9
1095	63
1111	63
1127	63
1143	63.2
1160	63.1
1177	63
1194	63.1
1211	63
1229	63.1
1247	63
1265	63
1283	63.1
1302	63.1
1321	63.3
1340	63.4
1360	63.4
1379	63.5
1399	63.6
1420	63.7
1440	63.8
1461	63.8
1483	64
1504	64.1
1526	64.2
1548	64.2
1571	64.4
1594	64.4
1617	64.5
1640	64.5
1664	64.5
1688	64.5
1713	64.7
1738	64.6
1763	64.3
1789	64.3
1815	64.4
1841	64.4
1868	64.3
1895	64.2
1923	64.4
1951	64.5
1979	64.4
2008	64.6
2037	64.6
2067	64.7
2097	64.8
2127	64.8
2158	65
2190	65.1
2221	65.2
2254	65.3
2287	65.3
2320	65.5
2354	65.6
2388	65.8
2423	65.9
2458	66
2494	66.2
2530	66.3
2567	66.4
2604	66.6
2642	66.7
2680	66.9
2719	67.1
2759	67.2
2799	67.4
2840	67.7
2881	67.9
2923	68.2
2965	68.4
3008	68.7
3052	68.9
3097	69.1
3142	69.5
3187	69.7
3234	70
3281	70.1
3328	70.3
3377	70.4
3426	70.5
3476	70.6
3526	71
3578	71.1
3630	71.2
3682	71.3
3736	71.3
3790	71.4
3846	71.6
3901	71.8
3958	71.9
4016	72.1
4074	72.3
4133	72.6
4194	72.6
4255	72.9
4316	73.1
4379	73.5
4443	74.2
4508	74.6
4573	75
4640	75.2
4707	76.8
4776	77.4
4845	77.8
4916	78.2
4987	78.8
5060	78.8
5133	78.5
5208	78.1
5284	76.9
5360	76.2
5438	75.4
5518	74.3
5598	72.8
5679	71.4
5762	70.7
5846	69.9
5931	69.3
6017	68.7
6104	67.9
6193	67.1
6283	66.6
6375	66
6467	65.5
6561	65
6657	63.7
6754	63.1
6852	62.5
6952	62.1
7053	61.4
7155	60.9
7259	60.7
7365	60.5
7472	60
7581	59.9
7691	60
7803	60.1
7916	60.6
8032	61.2
8148	61.9
8267	63.1
8387	64
8509	64.5
8633	64.7
8758	64.6
8886	64.7
9015	64.8
9146	64.7
9279	64.7
9414	64.7
9551	64.3
9690	62.9
9831	62
9974	59.7
10119	58.6
10266	57.3
10416	55.6
10567	55.6
10721	54.4
10877	53.6
11035	53.1
11196	52.1
11358	51.7
11524	51.3
11691	50.8
11861	49.9
12034	49.6
12209	49.7
12386	49.9
12567	51
12749	51.4
12935	52.1
13123	52.8
13314	53.6
13507	55.4
13704	56.6
13903	57.3
14105	56.5
14311	54.7
14519	47.8
14730	42.7
14944	39.8
15162	35.2
15382	34
15606	33.9
15833	34.9
16063	35.9
16297	38.2
16534	40.3
16774	42.2
17018	45
17266	46.8
17517	51.7
17772	54.9
18030	56.9
18293	58.6
18559	58.3
18829	56.1
19102	54
19380	51.9
20000	47
overall dB	91.8 dB
decay	Average
averaging	1/24 Octave
source	USB-C to 3.5mm Headphone Jack Adapter L Mic Low Range
latitude	52
longitude	4.358
saved	06/01/2023, 15:01
peak	14.6Hz
