FFT	AudioTools 	v16.1.4 iPad battery 100%	07/01/2023, 12:46	USB-C to 3.5mm Headphone Jack Adapter L Mic Low Range	3E413E14-4E3E-409A-A5B7-705B65920E1E
Frequency	dB	Unweighted
19.5	45.2
19.8	45.4
20.1	45.5
20.3	45.5
20.6	45.7
20.9	45.8
21.2	46
21.6	46.1
21.9	46.3
22.2	46.5
22.5	46.5
22.8	46.6
23.2	46.8
23.5	46.9
23.8	47
24.2	47.2
24.5	47.3
24.9	47.5
25.3	47.6
25.6	47.8
26	47.8
26.4	47.9
26.8	48
27.2	48.1
27.5	48.1
28	48.2
28.4	48.2
28.8	48.3
29.2	48.3
29.6	48.4
30	48.6
30.5	48.7
30.9	48.7
31.4	48.8
31.8	48.8
32.3	48.8
32.8	48.9
33.2	48.9
33.7	48.9
34.2	49
34.7	49
35.2	49.1
35.7	49.1
36.2	49.1
36.8	49.1
37.3	49.1
37.9	49.1
38.4	49.2
39	49.2
39.5	49.2
40.1	49.2
40.7	49
41.3	48.8
41.9	48.8
42.5	48.8
43.1	49
43.7	49.1
44.4	49.2
45	49.1
45.7	49
46.3	48.9
47	48.9
47.7	49
48.4	49
49.1	48.9
49.8	48.8
50.5	48.9
51.3	48.9
52	48.9
52.8	48.9
53.5	48.9
54.3	48.8
55.1	48.7
55.9	48.7
56.7	48.8
57.5	48.9
58.4	49
59.2	49
60.1	49
61	48.9
61.8	48.8
62.7	48.7
63.7	48.6
64.6	48.6
65.5	48.5
66.5	48.5
67.4	48.5
68.4	48.5
69.4	48.4
70.4	48.3
71.5	48.2
72.5	48.3
73.5	48.1
74.6	48
75.7	47.9
76.8	47.9
77.9	47.9
79.1	47.9
80.2	47.9
81.4	47.9
82.6	47.7
83.8	47.6
85	47.6
86.2	47.6
87.5	47.7
88.7	47.8
90	47.8
91.3	47.6
92.7	47.5
94	47.5
95.4	47.4
96.8	47.4
98.2	47.3
99.6	47.3
101	47.2
103	47.1
104	47.1
106	47
107	47
109	46.9
110	46.8
112	46.8
113	46.7
115	46.5
117	46.5
118	46.4
120	46.4
122	46.4
124	46.3
125	46.1
127	45.9
129	46
131	46
133	45.9
135	45.6
137	45.5
139	45.2
141	45.2
143	45.1
145	45.1
147	45
149	44.8
151	44.8
154	44.7
156	44.5
158	44.5
160	44.4
163	44.2
165	44
168	43.7
170	43.6
172	43.6
175	43.5
177	43.4
180	43.2
183	43.1
185	43
188	42.8
191	42.8
194	42.7
196	42.4
199	42.3
202	42.2
205	42.1
208	42
211	41.9
214	41.8
217	41.5
220	41.4
224	41.4
227	41.2
230	41.2
234	41.3
237	41.4
240	41.3
244	41.1
247	41.4
251	41.4
255	41.2
258	41
262	41.4
266	41.5
270	41.6
274	41.5
278	41.5
282	41.5
286	41.3
290	41.3
294	41
298	40.9
303	40.9
307	40.7
312	40.2
316	40.1
321	40
325	40
330	39.7
335	39.5
340	39.3
345	39.1
350	39
355	38.9
360	38.9
365	38.8
371	38.7
376	38.7
382	38.5
387	38.5
393	38.6
398	38.5
404	38.5
410	38.5
416	39.2
422	39.3
428	39.2
434	39.2
441	39.2
447	39.2
454	39.2
460	39.1
467	38.7
474	38.6
481	38.4
488	38.4
495	38.3
502	38.3
509	38.3
517	38.3
524	38.1
532	38
540	37.9
547	37.9
555	37.9
563	37.8
572	37.7
580	37.6
588	37.5
597	37.4
606	37.4
614	37.4
623	37.2
632	37.1
642	37.1
651	37.2
660	37.1
670	37
680	36.9
690	36.9
700	37.1
710	37.1
720	37.1
731	37
741	37.2
752	37.3
763	37.3
774	37.2
785	37.1
797	37.2
808	37.2
820	37.1
832	37
844	37.1
856	37.1
869	37.1
882	37
894	37
907	37
921	37
934	37.2
948	37.4
961	37.4
975	37.4
990	37.8
1004	38
1019	38
1033	38.2
1048	38.4
1064	38.5
1079	38.6
1095	38.7
1111	38.7
1127	38.8
1143	39
1160	39
1177	39
1194	39.1
1211	39.2
1229	39.3
1247	39.3
1265	39.4
1283	39.6
1302	39.6
1321	40
1340	40.2
1360	40.3
1379	40.6
1399	40.8
1420	41.2
1440	41.3
1461	41.5
1483	42
1504	42.1
1526	42.5
1548	42.7
1571	43
1594	43.4
1617	43.7
1640	43.8
1664	44.2
1688	44.4
1713	44.9
1738	45
1763	45
1789	45.4
1815	45.8
1841	46.2
1868	46.4
1895	46.7
1923	47.2
1951	47.6
1979	47.8
2008	48.5
2037	48.7
2067	49.2
2097	49.5
2127	49.7
2158	50
2190	50.2
2221	50.4
2254	50.5
2287	50.6
2320	50.5
2354	50.5
2388	50.5
2423	50.1
2458	50
2494	49.7
2530	49.5
2567	49.3
2604	49
2642	48.9
2680	48.7
2719	48.5
2759	48.4
2799	48.2
2840	48.2
2881	48.1
2923	48.2
2965	48.2
3008	48.3
3052	48.3
3097	48.3
3142	48.5
3187	48.7
3234	48.8
3281	48.9
3328	49.1
3377	49.3
3426	49.5
3476	49.6
3526	50.1
3578	50.3
3630	50.5
3682	50.6
3736	50.8
3790	50.9
3846	50.9
3901	50.9
3958	50.7
4016	50.5
4074	50.2
4133	49.7
4194	49.1
4255	48.4
4316	47.8
4379	47.2
4443	47
4508	46.6
4573	45.9
4640	45.6
4707	46.8
4776	47.4
4845	48
4916	48.8
4987	50
5060	50.9
5133	51.9
5208	52.8
5284	53.3
5360	53.8
5438	53.8
5518	52.7
5598	50.6
5679	47.6
5762	46.2
5846	44.5
5931	42.9
6017	41.6
6104	40.3
6193	38.9
6283	38
6375	36.9
6467	36
6561	35.2
6657	33.6
6754	32.8
6852	31.8
6952	31.4
7053	30.5
7155	29.8
7259	29.5
7365	29.2
7472	28.5
7581	28.3
7691	28.1
7803	28.2
7916	28.3
8032	28.5
8148	28.8
8267	29.4
8387	30.2
8509	30.9
8633	31.9
8758	32.5
8886	34.2
9015	35.1
9146	36.4
9279	39
9414	40.8
9551	43.3
9690	46.8
9831	47.5
9974	45.3
10119	43.8
10266	42
10416	40
10567	40.1
10721	39.5
10877	39.1
11035	38.9
11196	38.8
11358	38.8
11524	38.9
11691	38.8
11861	38
12034	37.5
12209	37.3
12386	37.2
12567	37.7
12749	37.8
12935	38.1
13123	38.7
13314	39.4
13507	41.2
13704	42.1
13903	41.9
14105	38.5
14311	36.2
14519	31.6
14730	29.1
14944	27.8
15162	25.2
15382	24.1
15606	23.1
15833	23.1
16063	23.2
16297	21.2
16534	19.4
16774	18.9
17018	18.3
17266	18.3
17517	19.6
17772	22.5
18030	24.6
18293	26.5
18559	29.6
18829	33.6
19102	34.8
19380	33.8
20000	30
overall dB	69.8 dB
decay	Average
averaging	1/24 Octave
source	USB-C to 3.5mm Headphone Jack Adapter L Mic Low Range
latitude	52
longitude	4.358
saved	07/01/2023, 12:46
peak	30.8Hz
