FFT	AudioTools 	v16.1.4 iPad battery 100%	07/01/2023, 12:42	USB-C to 3.5mm Headphone Jack Adapter L Mic Low Range	3E413E14-4E3E-409A-A5B7-705B65920E1E
Frequency	dB	Unweighted
19.5	44
19.8	44.2
20.1	44.2
20.3	44.3
20.6	44.5
20.9	44.6
21.2	44.8
21.6	44.9
21.9	45
22.2	45.2
22.5	45.3
22.8	45.3
23.2	45.4
23.5	45.5
23.8	45.6
24.2	45.7
24.5	45.8
24.9	46
25.3	46.1
25.6	46.2
26	46.3
26.4	46.3
26.8	46.4
27.2	46.5
27.5	46.5
28	46.5
28.4	46.5
28.8	46.5
29.2	46.5
29.6	46.5
30	46.5
30.5	46.6
30.9	46.6
31.4	46.6
31.8	46.6
32.3	46.6
32.8	46.6
33.2	46.6
33.7	46.7
34.2	46.7
34.7	46.7
35.2	46.7
35.7	46.7
36.2	46.8
36.8	46.7
37.3	46.8
37.9	46.8
38.4	46.9
39	46.8
39.5	46.8
40.1	46.7
40.7	46.5
41.3	46.3
41.9	46.2
42.5	46.3
43.1	46.4
43.7	46.6
44.4	46.6
45	46.4
45.7	46.3
46.3	46.1
47	46.1
47.7	46.1
48.4	46.1
49.1	46
49.8	45.9
50.5	45.9
51.3	45.8
52	45.8
52.8	45.7
53.5	45.6
54.3	45.4
55.1	45.3
55.9	45.3
56.7	45.4
57.5	45.5
58.4	45.5
59.2	45.5
60.1	45.5
61	45.5
61.8	45.4
62.7	45.2
63.7	45.1
64.6	45
65.5	45
66.5	44.9
67.4	44.9
68.4	44.9
69.4	44.8
70.4	44.7
71.5	44.7
72.5	44.8
73.5	44.5
74.6	44.4
75.7	44.3
76.8	44.4
77.9	44.4
79.1	44.2
80.2	44.1
81.4	43.9
82.6	43.7
83.8	43.6
85	43.5
86.2	43.5
87.5	43.5
88.7	43.4
90	43.5
91.3	43.4
92.7	43.5
94	43.7
95.4	43.6
96.8	43.4
98.2	43.3
99.6	43.1
101	42.9
103	42.7
104	42.7
106	42.6
107	42.6
109	42.6
110	42.5
112	42.4
113	42.4
115	42.2
117	42.2
118	42.1
120	41.9
122	42
124	41.9
125	41.8
127	41.7
129	41.5
131	41.4
133	41.3
135	41.4
137	41.4
139	41.1
141	40.9
143	40.7
145	40.5
147	40.3
149	40.2
151	40.2
154	40.2
156	39.9
158	39.8
160	39.6
163	39.5
165	39.4
168	39.2
170	39.3
172	39.4
175	39
177	38.8
180	38.7
183	38.4
185	38.2
188	38
191	37.9
194	37.9
196	37.7
199	37.5
202	37.4
205	37.3
208	37.1
211	37.1
214	37.1
217	37
220	36.7
224	36.5
227	36.6
230	36.5
234	36.5
237	36.4
240	36.3
244	36.2
247	36.3
251	36.4
255	36.3
258	35.9
262	36.3
266	36.6
270	36.6
274	36.5
278	36.5
282	36.4
286	36.4
290	36.4
294	36
298	35.7
303	35.6
307	35.5
312	35.1
316	35
321	35
325	34.9
330	34.6
335	34.4
340	34.2
345	34
350	33.9
355	33.9
360	33.8
365	33.7
371	33.5
376	33.5
382	33.6
387	33.5
393	33.5
398	33.5
404	33.4
410	33.2
416	34
422	34.2
428	34.1
434	34.1
441	34.2
447	34.1
454	34.2
460	34.1
467	33.5
474	33.6
481	33.3
488	33
495	32.8
502	32.8
509	32.9
517	32.8
524	32.7
532	32.6
540	32.6
547	32.6
555	32.4
563	32.3
572	32.3
580	32.4
588	32
597	31.9
606	31.9
614	31.8
623	31.6
632	31.6
642	31.7
651	31.7
660	31.6
670	31.3
680	31.2
690	31.3
700	31.2
710	31.3
720	31.2
731	31.2
741	31.5
752	31.7
763	31.5
774	31.3
785	31.2
797	31.3
808	31.3
820	31.2
832	31.1
844	31.1
856	31.1
869	31.1
882	30.9
894	31
907	30.9
921	30.8
934	30.9
948	31.2
961	31.5
975	31.3
990	31.7
1004	31.8
1019	31.5
1033	31.6
1048	31.8
1064	31.9
1079	32
1095	32
1111	31.9
1127	32.1
1143	32.3
1160	32.3
1177	32.4
1194	32.3
1211	32.2
1229	32.3
1247	32.3
1265	32.3
1283	32.3
1302	32.3
1321	32.6
1340	32.8
1360	32.8
1379	32.6
1399	32.7
1420	32.7
1440	32.7
1461	32.7
1483	32.9
1504	33
1526	33.6
1548	33.7
1571	34
1594	34.1
1617	34.3
1640	34.5
1664	34.9
1688	35
1713	35.7
1738	35.6
1763	35.3
1789	35.4
1815	35.5
1841	36
1868	36.4
1895	36.6
1923	36.5
1951	36.6
1979	36.8
2008	37.3
2037	37.3
2067	37.7
2097	38.1
2127	38.3
2158	39
2190	39.1
2221	39.2
2254	39.6
2287	39.7
2320	40.4
2354	40.5
2388	40.7
2423	41.2
2458	41.4
2494	42
2530	42.4
2567	42.6
2604	43.2
2642	43.5
2680	44.2
2719	44.7
2759	45.1
2799	45.8
2840	46.3
2881	46.7
2923	47.3
2965	47.6
3008	48
3052	48.2
3097	48.4
3142	48.6
3187	48.6
3234	48.6
3281	48.5
3328	48.4
3377	48.3
3426	48.1
3476	48
3526	48
3578	47.9
3630	47.6
3682	47.5
3736	47.3
3790	47.2
3846	47.1
3901	47.2
3958	47.2
4016	47.2
4074	47.4
4133	47.7
4194	47.7
4255	48.2
4316	48.6
4379	49.4
4443	50.4
4508	51.3
4573	52.2
4640	52.8
4707	54.7
4776	55.3
4845	55.3
4916	55
4987	55
5060	54.3
5133	53.4
5208	52.7
5284	51.2
5360	50.5
5438	49.9
5518	49.2
5598	48.2
5679	47.6
5762	47.4
5846	47
5931	47
6017	47
6104	47.1
6193	47
6283	46.9
6375	46.9
6467	46.8
6561	46.6
6657	45.6
6754	44.9
6852	44
6952	43.4
7053	42.3
7155	41.2
7259	40.4
7365	39.7
7472	38.4
7581	37.7
7691	36.8
7803	36.4
7916	36.1
8032	35.7
8148	35.4
8267	35.1
8387	35.5
8509	35.5
8633	35.6
8758	35.6
8886	36.3
9015	36.6
9146	37
9279	38.2
9414	39.2
9551	40.5
9690	42.5
9831	43.7
9974	45
10119	44.7
10266	42.8
10416	38.9
10567	37.9
10721	35.1
10877	33.4
11035	32.2
11196	30.3
11358	29.5
11524	28.8
11691	28
11861	27.2
12034	27.8
12209	28.9
12386	29.5
12567	29.3
12749	28.7
12935	28.1
13123	28.4
13314	29
13507	30.8
13704	32.3
13903	33.5
14105	35.4
14311	35.9
14519	35.2
14730	33.7
14944	32.6
15162	28.9
15382	26.9
15606	23.4
15833	21.1
16063	19.8
16297	18
16534	17.1
16774	17.1
17018	16.4
17266	16
17517	16.7
17772	19.5
18030	22.4
18293	22.3
18559	19.1
18829	16.8
19102	16.9
19380	17.2
20000	17.4
overall dB	66.9 dB
decay	Average
averaging	1/24 Octave
source	USB-C to 3.5mm Headphone Jack Adapter L Mic Low Range
latitude	52
longitude	4.358
saved	07/01/2023, 12:42
peak	26.4Hz
