FFT	AudioTools 	v16.1.4 iPad battery 100%	07/01/2023, 12:30	USB-C to 3.5mm Headphone Jack Adapter L Mic Low Range	3E413E14-4E3E-409A-A5B7-705B65920E1E
Frequency	dB	Unweighted
19.5	46.8
19.8	46.9
20.1	47
20.3	47.1
20.6	47.3
20.9	47.4
21.2	47.6
21.6	47.7
21.9	47.9
22.2	48.1
22.5	48.2
22.8	48.3
23.2	48.5
23.5	48.6
23.8	48.7
24.2	48.8
24.5	48.9
24.9	49.1
25.3	49.3
25.6	49.4
26	49.5
26.4	49.6
26.8	49.8
27.2	49.8
27.5	49.9
28	50
28.4	50
28.8	50.1
29.2	50.2
29.6	50.2
30	50.4
30.5	50.5
30.9	50.4
31.4	50.4
31.8	50.4
32.3	50.4
32.8	50.5
33.2	50.5
33.7	50.6
34.2	50.7
34.7	50.7
35.2	50.8
35.7	50.9
36.2	50.9
36.8	50.9
37.3	50.8
37.9	50.8
38.4	50.8
39	50.9
39.5	50.9
40.1	51
40.7	50.9
41.3	50.9
41.9	50.8
42.5	50.9
43.1	51
43.7	51.1
44.4	51.1
45	50.9
45.7	50.8
46.3	50.6
47	50.6
47.7	50.6
48.4	50.7
49.1	50.6
49.8	50.6
50.5	50.7
51.3	50.7
52	50.8
52.8	50.8
53.5	50.7
54.3	50.6
55.1	50.5
55.9	50.5
56.7	50.5
57.5	50.6
58.4	50.7
59.2	50.7
60.1	50.7
61	50.7
61.8	50.7
62.7	50.7
63.7	50.6
64.6	50.6
65.5	50.6
66.5	50.6
67.4	50.6
68.4	50.7
69.4	50.7
70.4	50.6
71.5	50.6
72.5	50.6
73.5	50.3
74.6	50.2
75.7	50.1
76.8	50.2
77.9	50.2
79.1	50.2
80.2	50.1
81.4	50
82.6	49.8
83.8	49.7
85	49.7
86.2	49.8
87.5	49.9
88.7	49.9
90	49.9
91.3	49.8
92.7	49.8
94	50
95.4	49.9
96.8	49.8
98.2	49.7
99.6	49.7
101	49.6
103	49.5
104	49.4
106	49.4
107	49.5
109	49.4
110	49.3
112	49.2
113	49.1
115	49.1
117	49.1
118	49.1
120	49
122	48.9
124	48.7
125	48.5
127	48.4
129	48.5
131	48.5
133	48.4
135	48.3
137	48.2
139	47.8
141	47.8
143	47.7
145	47.7
147	47.6
149	47.6
151	47.6
154	47.4
156	47.1
158	47.1
160	47
163	46.8
165	46.7
168	46.4
170	46.3
172	46.3
175	46.1
177	46.1
180	46
183	45.9
185	45.7
188	45.5
191	45.5
194	45.6
196	45.3
199	45.1
202	44.9
205	44.9
208	44.6
211	44.5
214	44.5
217	44.3
220	44.2
224	44.2
227	44
230	43.9
234	44
237	44.1
240	44.1
244	43.9
247	44.1
251	44.1
255	44.1
258	43.8
262	44.3
266	44.4
270	44.5
274	44.5
278	44.4
282	44.4
286	44.3
290	44.2
294	43.8
298	43.6
303	43.6
307	43.5
312	43.1
316	43
321	43
325	42.9
330	42.6
335	42.4
340	42.2
345	42
350	41.9
355	41.8
360	41.7
365	41.6
371	41.5
376	41.5
382	41.4
387	41.3
393	41.5
398	41.4
404	41.4
410	41.5
416	42.1
422	42.2
428	42.1
434	42.1
441	42.2
447	42.1
454	42.1
460	42
467	41.7
474	41.6
481	41.4
488	41.3
495	41.2
502	41.2
509	41.2
517	41.1
524	41
532	40.9
540	40.8
547	40.9
555	40.8
563	40.7
572	40.6
580	40.5
588	40.4
597	40.3
606	40.3
614	40.3
623	40.1
632	40.1
642	40.1
651	40
660	40
670	39.9
680	39.9
690	39.9
700	40
710	40
720	40
731	39.9
741	40.1
752	40.1
763	40.2
774	40.1
785	40.2
797	40.2
808	40.2
820	40.2
832	40.1
844	40.1
856	40.2
869	40.2
882	40
894	40
907	40.1
921	40.1
934	40.4
948	40.6
961	40.6
975	40.6
990	41
1004	41.2
1019	41.1
1033	41.3
1048	41.6
1064	41.7
1079	41.8
1095	42
1111	41.9
1127	42
1143	42.3
1160	42.3
1177	42.4
1194	42.5
1211	42.5
1229	42.7
1247	42.7
1265	42.9
1283	43.1
1302	43.1
1321	43.6
1340	43.8
1360	43.9
1379	44.2
1399	44.5
1420	44.9
1440	45.1
1461	45.3
1483	45.7
1504	45.9
1526	46.3
1548	46.5
1571	46.8
1594	47.2
1617	47.6
1640	47.7
1664	48.1
1688	48.3
1713	48.8
1738	48.9
1763	48.9
1789	49.2
1815	49.6
1841	49.9
1868	50.1
1895	50.3
1923	50.7
1951	51
1979	51.1
2008	51.5
2037	51.6
2067	51.9
2097	52
2127	52
2158	52.1
2190	52.1
2221	52
2254	52
2287	51.9
2320	51.7
2354	51.6
2388	51.4
2423	51
2458	50.8
2494	50.6
2530	50.4
2567	50.1
2604	49.8
2642	49.7
2680	49.6
2719	49.4
2759	49.2
2799	49.1
2840	49
2881	49
2923	49
2965	49
3008	49
3052	49
3097	49
3142	49.1
3187	49.2
3234	49.2
3281	49.3
3328	49.3
3377	49.4
3426	49.5
3476	49.5
3526	49.8
3578	50
3630	50.1
3682	50.2
3736	50.3
3790	50.7
3846	50.9
3901	51.4
3958	51.8
4016	52.2
4074	52.9
4133	53.5
4194	53.9
4255	54.8
4316	55.5
4379	56.4
4443	57.3
4508	57.8
4573	58.1
4640	58.1
4707	59.2
4776	59.4
4845	59.3
4916	59.4
4987	59.9
5060	60.1
5133	60.3
5208	60.6
5284	60.5
5360	60.8
5438	61
5518	60.7
5598	59.2
5679	56.7
5762	55.5
5846	53.9
5931	52.4
6017	51.1
6104	50
6193	48.9
6283	47.8
6375	46.4
6467	45.4
6561	44.4
6657	42.6
6754	41.7
6852	40.6
6952	40.1
7053	39.2
7155	38.5
7259	38.1
7365	37.8
7472	37
7581	36.8
7691	36.6
7803	36.6
7916	36.8
8032	37.1
8148	37.4
8267	38.1
8387	39
8509	39.9
8633	41.3
8758	42.2
8886	44.7
9015	46.2
9146	48.4
9279	51.9
9414	52.8
9551	51.7
9690	48.3
9831	46.6
9974	43.6
10119	42.5
10266	41.3
10416	40.2
10567	40.5
10721	39.9
10877	39.4
11035	38.9
11196	37.9
11358	37.4
11524	36.8
11691	35.8
11861	34.8
12034	35.1
12209	36.2
12386	37.5
12567	41.9
12749	44
12935	45
13123	43.9
13314	43
13507	41.7
13704	41.6
13903	41.9
14105	43.8
14311	45
14519	44.4
14730	41.3
14944	39.2
15162	36
15382	34.6
15606	32
15833	30.5
16063	29.8
16297	29.5
16534	30
16774	31.3
17018	34.1
17266	36.1
17517	39.5
17772	38.7
18030	37.1
18293	34.3
18559	33.5
18829	32.8
19102	32.8
19380	31.7
20000	27.2
overall dB	73.2 dB
decay	Average
averaging	1/24 Octave
source	USB-C to 3.5mm Headphone Jack Adapter L Mic Low Range
latitude	52
longitude	4.357
saved	07/01/2023, 12:30
peak	30.8Hz
