FFT	AudioTools 	v16.1.4 iPad battery  55%	16/01/2023, 17:13	USB-C to 3.5mm Headphone Jack Adapter L Mic Low Range	3E413E14-4E3E-409A-A5B7-705B65920E1E
Frequency	dB	Unweighted
19.5	39.1
19.8	39.3
20.1	39.4
20.3	39.5
20.6	39.7
20.9	39.8
21.2	40
21.6	40.2
21.9	40.3
22.2	40.6
22.5	40.7
22.8	40.8
23.2	40.9
23.5	41
23.8	41.2
24.2	41.3
24.5	41.4
24.9	41.7
25.3	41.8
25.6	42
26	42.1
26.4	42.1
26.8	42.2
27.2	42.3
27.5	42.3
28	42.3
28.4	42.3
28.8	42.4
29.2	42.4
29.6	42.5
30	42.6
30.5	42.7
30.9	42.7
31.4	42.8
31.8	42.8
32.3	42.8
32.8	42.8
33.2	42.8
33.7	42.9
34.2	43
34.7	43
35.2	43.1
35.7	43.2
36.2	43.3
36.8	43.2
37.3	43.2
37.9	43.3
38.4	43.3
39	43.4
39.5	43.4
40.1	43.4
40.7	43.3
41.3	43.1
41.9	43
42.5	43.1
43.1	43.2
43.7	43.3
44.4	43.2
45	43.1
45.7	43
46.3	42.9
47	43
47.7	43.1
48.4	43.2
49.1	43.1
49.8	43
50.5	43
51.3	43.1
52	43.1
52.8	43
53.5	42.9
54.3	42.8
55.1	42.7
55.9	42.6
56.7	42.7
57.5	42.8
58.4	42.9
59.2	42.9
60.1	42.9
61	42.9
61.8	42.8
62.7	42.6
63.7	42.6
64.6	42.6
65.5	42.7
66.5	42.7
67.4	42.7
68.4	42.8
69.4	42.7
70.4	42.6
71.5	42.6
72.5	42.5
73.5	42.3
74.6	42.2
75.7	42.1
76.8	42.1
77.9	42.1
79.1	42.1
80.2	42
81.4	41.9
82.6	41.7
83.8	41.6
85	41.6
86.2	41.7
87.5	41.8
88.7	41.8
90	41.8
91.3	41.7
92.7	41.7
94	41.8
95.4	41.7
96.8	41.6
98.2	41.6
99.6	41.6
101	41.4
103	41.3
104	41.3
106	41.2
107	41.3
109	41.2
110	41
112	40.8
113	40.8
115	40.8
117	40.8
118	40.7
120	40.8
122	40.8
124	40.6
125	40.5
127	40.3
129	40.2
131	40.2
133	40.1
135	40
137	39.9
139	39.7
141	39.7
143	39.6
145	39.5
147	39.4
149	39.4
151	39.3
154	39.2
156	39
158	38.9
160	38.9
163	38.7
165	38.6
168	38.3
170	38.3
172	38.3
175	38.2
177	38.1
180	38
183	38
185	37.9
188	37.6
191	37.6
194	37.6
196	37.3
199	37.2
202	37.1
205	37
208	36.8
211	36.7
214	36.8
217	36.6
220	36.5
224	36.5
227	36.4
230	36.3
234	36.4
237	36.5
240	36.4
244	36.3
247	36.5
251	36.6
255	36.5
258	36.3
262	36.8
266	37
270	36.9
274	37
278	37
282	37
286	36.9
290	36.9
294	36.7
298	36.5
303	36.5
307	36.3
312	36
316	35.9
321	35.9
325	35.9
330	35.6
335	35.4
340	35.3
345	35.1
350	35
355	35.1
360	35
365	34.9
371	34.9
376	34.8
382	34.7
387	34.7
393	34.9
398	34.8
404	34.8
410	34.9
416	35.6
422	35.8
428	35.7
434	35.7
441	35.8
447	35.8
454	35.8
460	35.8
467	35.5
474	35.3
481	35.2
488	35.2
495	35.1
502	35.2
509	35.2
517	35.2
524	35
532	35
540	35
547	35
555	34.9
563	34.8
572	34.8
580	34.8
588	34.7
597	34.6
606	34.6
614	34.6
623	34.5
632	34.4
642	34.4
651	34.5
660	34.5
670	34.4
680	34.4
690	34.4
700	34.5
710	34.6
720	34.5
731	34.5
741	34.7
752	34.8
763	34.8
774	34.7
785	34.7
797	34.8
808	34.9
820	34.8
832	34.8
844	34.9
856	34.9
869	34.8
882	34.7
894	34.8
907	34.8
921	34.8
934	35
948	35.3
961	35.3
975	35.3
990	35.7
1004	35.8
1019	35.8
1033	35.9
1048	36.1
1064	36.2
1079	36.3
1095	36.4
1111	36.4
1127	36.5
1143	36.7
1160	36.7
1177	36.8
1194	36.8
1211	36.9
1229	37.1
1247	37
1265	37.1
1283	37.3
1302	37.3
1321	37.6
1340	37.7
1360	37.8
1379	38
1399	38.2
1420	38.4
1440	38.5
1461	38.5
1483	38.8
1504	38.9
1526	39.1
1548	39.2
1571	39.4
1594	39.5
1617	39.7
1640	39.8
1664	39.9
1688	39.9
1713	40.2
1738	40.2
1763	40
1789	40.1
1815	40.2
1841	40.3
1868	40.3
1895	40.3
1923	40.5
1951	40.6
1979	40.7
2008	40.9
2037	41
2067	41.2
2097	41.3
2127	41.3
2158	41.6
2190	41.7
2221	41.9
2254	42.1
2287	42.2
2320	42.3
2354	42.5
2388	42.6
2423	42.7
2458	42.8
2494	43
2530	43.1
2567	43.2
2604	43.4
2642	43.5
2680	43.7
2719	43.9
2759	43.9
2799	44.2
2840	44.3
2881	44.5
2923	44.8
2965	45
3008	45.2
3052	45.4
3097	45.6
3142	45.9
3187	46
3234	46.2
3281	46.3
3328	46.4
3377	46.5
3426	46.6
3476	46.6
3526	46.9
3578	47.1
3630	47.2
3682	47.3
3736	47.4
3790	47.6
3846	47.8
3901	48.1
3958	48.3
4016	48.6
4074	48.9
4133	49.1
4194	49.1
4255	49.2
4316	49.2
4379	49.2
4443	49.5
4508	49.4
4573	49.1
4640	48.7
4707	49.6
4776	49.5
4845	49.2
4916	48.9
4987	49.1
5060	48.8
5133	48.4
5208	47.9
5284	46.8
5360	46.2
5438	45.6
5518	44.8
5598	43.6
5679	42.4
5762	41.9
5846	41.3
5931	40.7
6017	40.2
6104	39.6
6193	38.9
6283	38.4
6375	37.8
6467	37.3
6561	36.8
6657	35.5
6754	34.9
6852	34.3
6952	34
7053	33.2
7155	32.8
7259	32.6
7365	32.5
7472	32.1
7581	32
7691	32
7803	32.1
7916	32.4
8032	32.8
8148	33.1
8267	33.9
8387	34.7
8509	35.4
8633	36.1
8758	36.4
8886	36.9
9015	36.9
9146	36.6
9279	35.7
9414	35.4
9551	34.6
9690	33.4
9831	32.8
9974	31.4
10119	30.9
10266	30.3
10416	29.9
10567	30.5
10721	30.6
10877	30.6
11035	30.6
11196	30.8
11358	30.9
11524	31.2
11691	31.6
11861	31.2
12034	31.8
12209	32.2
12386	32.4
12567	32.9
12749	32.7
12935	32
13123	31.6
13314	31.4
13507	31.4
13704	31.6
13903	32
14105	32.8
14311	33.4
14519	33.9
14730	33.3
14944	32.8
15162	30.1
15382	28.6
15606	26
15833	24.4
16063	23.5
16297	22.6
16534	22.5
16774	22.9
17018	22.1
17266	21.7
17517	23.7
17772	26.1
18030	26.1
18293	24.1
18559	24
18829	22.8
19102	21.9
19380	20.6
20000	17.2
overall dB	65.1 dB
decay	Average
averaging	1/24 Octave
source	USB-C to 3.5mm Headphone Jack Adapter L Mic Low Range
latitude	52
longitude	4.357
saved	16/01/2023, 17:13
peak	26.5Hz
