FFT	AudioTools 	v18 iPad battery  78%	12/02/2023, 23:51	USB-C to 3.5mm Headphone Jack Adapter L Mic Low Range	3E413E14-4E3E-409A-A5B7-705B65920E1E
Frequency	dB	Unweighted
19.5	41.7
19.8	41.8
20.1	41.9
20.3	41.9
20.6	42.1
20.9	42.2
21.2	42.3
21.6	42.4
21.9	42.5
22.2	42.7
22.5	42.7
22.8	42.7
23.2	42.8
23.5	42.8
23.8	42.8
24.2	42.8
24.5	42.9
24.9	42.9
25.3	43
25.6	43.1
26	43.1
26.4	43.1
26.8	43.2
27.2	43.2
27.5	43.2
28	43.2
28.4	43.2
28.8	43.1
29.2	43.1
29.6	43.2
30	43.3
30.5	43.3
30.9	43.3
31.4	43.3
31.8	43.3
32.3	43.3
32.8	43.3
33.2	43.3
33.7	43.3
34.2	43.3
34.7	43.2
35.2	43.2
35.7	43.2
36.2	43.1
36.8	43
37.3	42.9
37.9	42.9
38.4	42.9
39	42.8
39.5	42.7
40.1	42.7
40.7	42.5
41.3	42.4
41.9	42.3
42.5	42.3
43.1	42.4
43.7	42.5
44.4	42.5
45	42.4
45.7	42.2
46.3	42.1
47	42
47.7	42
48.4	42
49.1	41.9
49.8	41.8
50.5	41.7
51.3	41.8
52	41.8
52.8	41.7
53.5	41.6
54.3	41.5
55.1	41.4
55.9	41.3
56.7	41.3
57.5	41.4
58.4	41.5
59.2	41.4
60.1	41.3
61	41.2
61.8	41.1
62.7	41.1
63.7	41
64.6	41
65.5	40.9
66.5	40.8
67.4	40.7
68.4	40.7
69.4	40.6
70.4	40.5
71.5	40.4
72.5	40.4
73.5	40.3
74.6	40.1
75.7	40
76.8	39.9
77.9	39.9
79.1	39.8
80.2	39.8
81.4	39.7
82.6	39.6
83.8	39.5
85	39.4
86.2	39.5
87.5	39.5
88.7	39.6
90	39.6
91.3	39.5
92.7	39.4
94	39.4
95.4	39.3
96.8	39.2
98.2	39.2
99.6	39.2
101	39.1
103	39
104	39
106	38.8
107	38.8
109	38.8
110	38.7
112	38.8
113	38.7
115	38.5
117	38.5
118	38.5
120	38.4
122	38.4
124	38.2
125	38.1
127	38
129	38.1
131	38.1
133	38
135	37.7
137	37.6
139	37.4
141	37.4
143	37.4
145	37.5
147	37.4
149	37.3
151	37.2
154	37.1
156	36.9
158	36.9
160	36.8
163	36.7
165	36.6
168	36.4
170	36.4
172	36.4
175	36.2
177	36.1
180	36
183	35.9
185	35.9
188	35.8
191	35.7
194	35.7
196	35.5
199	35.4
202	35.3
205	35.3
208	35.2
211	35.1
214	35.1
217	34.9
220	34.9
224	34.9
227	34.8
230	34.8
234	34.9
237	35
240	35
244	34.9
247	35.1
251	35.2
255	35.1
258	35
262	35.5
266	35.6
270	35.7
274	35.7
278	35.8
282	35.8
286	35.7
290	35.7
294	35.5
298	35.5
303	35.5
307	35.4
312	35
316	34.9
321	34.9
325	34.9
330	34.7
335	34.5
340	34.4
345	34.3
350	34.2
355	34.3
360	34.2
365	34.1
371	34.1
376	34.1
382	34
387	34
393	34.2
398	34.2
404	34.3
410	34.3
416	35
422	35.2
428	35.2
434	35.2
441	35.3
447	35.4
454	35.4
460	35.4
467	35
474	34.9
481	34.8
488	34.8
495	34.8
502	34.8
509	34.9
517	34.9
524	34.7
532	34.7
540	34.7
547	34.7
555	34.7
563	34.7
572	34.6
580	34.6
588	34.5
597	34.4
606	34.5
614	34.5
623	34.4
632	34.3
642	34.4
651	34.4
660	34.4
670	34.3
680	34.3
690	34.4
700	34.5
710	34.6
720	34.5
731	34.6
741	34.7
752	34.8
763	34.8
774	34.8
785	34.8
797	34.9
808	34.9
820	34.9
832	34.8
844	34.8
856	34.8
869	34.8
882	34.7
894	34.8
907	34.9
921	34.9
934	35
948	35.2
961	35.3
975	35.3
990	35.7
1004	35.8
1019	35.8
1033	35.9
1048	36.1
1064	36.2
1079	36.3
1095	36.4
1111	36.4
1127	36.4
1143	36.6
1160	36.6
1177	36.6
1194	36.6
1211	36.6
1229	36.7
1247	36.7
1265	36.7
1283	36.9
1302	36.9
1321	37.1
1340	37.2
1360	37.3
1379	37.6
1399	37.7
1420	37.9
1440	38
1461	38.1
1483	38.3
1504	38.4
1526	38.7
1548	38.8
1571	38.9
1594	39.1
1617	39.3
1640	39.3
1664	39.5
1688	39.5
1713	39.8
1738	39.8
1763	39.6
1789	39.7
1815	39.9
1841	40.1
1868	40.1
1895	40.2
1923	40.4
1951	40.5
1979	40.6
2008	40.9
2037	41
2067	41.3
2097	41.5
2127	41.6
2158	41.9
2190	42
2221	42.3
2254	42.5
2287	42.7
2320	42.9
2354	43.1
2388	43.3
2423	43.4
2458	43.5
2494	43.8
2530	43.9
2567	44
2604	44.2
2642	44.3
2680	44.4
2719	44.5
2759	44.6
2799	44.7
2840	44.8
2881	44.9
2923	45.1
2965	45.2
3008	45.2
3052	45.3
3097	45.3
3142	45.4
3187	45.5
3234	45.5
3281	45.5
3328	45.5
3377	45.6
3426	45.5
3476	45.5
3526	45.7
3578	45.7
3630	45.7
3682	45.7
3736	45.6
3790	45.7
3846	45.7
3901	45.9
3958	45.9
4016	46.1
4074	46.4
4133	46.6
4194	46.7
4255	47.2
4316	47.7
4379	48.4
4443	49.4
4508	50.2
4573	51.1
4640	51.7
4707	53.7
4776	54.4
4845	54.8
4916	54.9
4987	55.1
5060	54.7
5133	53.9
5208	53.1
5284	51.5
5360	50.6
5438	49.7
5518	48.6
5598	47.2
5679	46
5762	45.5
5846	44.9
5931	44.4
6017	44
6104	43.5
6193	43
6283	42.7
6375	42.3
6467	41.9
6561	41.5
6657	40.3
6754	39.7
6852	39.2
6952	38.8
7053	38.1
7155	37.5
7259	37.3
7365	37
7472	36.3
7581	35.9
7691	35.5
7803	35.3
7916	35
8032	34.7
8148	34.3
8267	34
8387	34.3
8509	34.3
8633	34.4
8758	34.5
8886	35.3
9015	35.7
9146	36.2
9279	37.5
9414	38.5
9551	39.8
9690	41.6
9831	42.1
9974	40.6
10119	39.3
10266	37.1
10416	34
10567	33.4
10721	31
10877	29.5
11035	28.5
11196	26.8
11358	26.2
11524	25.9
11691	26.2
11861	26
12034	26.9
12209	27.4
12386	27.7
12567	28.6
12749	28.9
12935	29.4
13123	30
13314	30.7
13507	32.6
13704	34.4
13903	36.2
14105	40.1
14311	41.3
14519	39.3
14730	36.7
14944	35.3
15162	32.7
15382	31.6
15606	29.9
15833	28.7
16063	28
16297	26.8
16534	26.1
16774	26
17018	24.6
17266	23.7
17517	22.6
17772	24.9
18030	25.4
18293	21.8
18559	21.2
18829	21.2
19102	22.2
19380	22.7
20000	21.8
overall dB	65.7 dB
decay	Average
averaging	1/24 Octave
source	USB-C to 3.5mm Headphone Jack Adapter L Mic Low Range
latitude	52
longitude	4.357
saved	12/02/2023, 23:51
peak	22.0Hz
