FFT	AudioTools 	v16.1.4 iPad battery  56%	16/01/2023, 17:11	USB-C to 3.5mm Headphone Jack Adapter L Mic Low Range	3E413E14-4E3E-409A-A5B7-705B65920E1E
Frequency	dB	Unweighted
19.5	38.1
19.8	38.3
20.1	38.4
20.3	38.5
20.6	38.8
20.9	38.9
21.2	39.1
21.6	39.2
21.9	39.4
22.2	39.6
22.5	39.7
22.8	39.8
23.2	40
23.5	40.1
23.8	40.3
24.2	40.5
24.5	40.6
24.9	40.8
25.3	40.9
25.6	41.1
26	41.2
26.4	41.3
26.8	41.4
27.2	41.4
27.5	41.5
28	41.6
28.4	41.6
28.8	41.7
29.2	41.7
29.6	41.8
30	42
30.5	42.1
30.9	42.1
31.4	42.2
31.8	42.2
32.3	42.2
32.8	42.2
33.2	42.3
33.7	42.4
34.2	42.5
34.7	42.6
35.2	42.6
35.7	42.7
36.2	42.7
36.8	42.6
37.3	42.6
37.9	42.7
38.4	42.7
39	42.8
39.5	42.8
40.1	42.8
40.7	42.7
41.3	42.5
41.9	42.5
42.5	42.6
43.1	42.7
43.7	42.8
44.4	42.8
45	42.7
45.7	42.6
46.3	42.5
47	42.5
47.7	42.6
48.4	42.7
49.1	42.7
49.8	42.6
50.5	42.7
51.3	42.7
52	42.8
52.8	42.8
53.5	42.7
54.3	42.6
55.1	42.5
55.9	42.5
56.7	42.6
57.5	42.6
58.4	42.7
59.2	42.7
60.1	42.6
61	42.6
61.8	42.6
62.7	42.6
63.7	42.6
64.6	42.6
65.5	42.6
66.5	42.6
67.4	42.6
68.4	42.7
69.4	42.6
70.4	42.5
71.5	42.5
72.5	42.4
73.5	42.2
74.6	42.1
75.7	42
76.8	42.1
77.9	42.1
79.1	42.1
80.2	42
81.4	41.8
82.6	41.7
83.8	41.6
85	41.6
86.2	41.8
87.5	41.9
88.7	42
90	42
91.3	41.8
92.7	41.8
94	41.9
95.4	41.8
96.8	41.7
98.2	41.7
99.6	41.7
101	41.6
103	41.5
104	41.5
106	41.4
107	41.3
109	41.3
110	41.2
112	41.1
113	41.1
115	41.1
117	41.1
118	41.1
120	41.1
122	41.1
124	40.9
125	40.8
127	40.8
129	40.8
131	40.8
133	40.6
135	40.4
137	40.3
139	40
141	39.9
143	39.9
145	39.9
147	39.8
149	39.7
151	39.6
154	39.5
156	39.2
158	39.2
160	39.2
163	39
165	38.8
168	38.5
170	38.5
172	38.5
175	38.4
177	38.3
180	38.3
183	38.3
185	38.2
188	37.9
191	37.9
194	37.9
196	37.6
199	37.5
202	37.4
205	37.3
208	37.1
211	37.1
214	37.1
217	36.9
220	36.9
224	36.9
227	36.7
230	36.6
234	36.7
237	36.8
240	36.7
244	36.7
247	37
251	37
255	37
258	36.8
262	37.2
266	37.3
270	37.3
274	37.3
278	37.4
282	37.4
286	37.3
290	37.2
294	37
298	36.9
303	36.8
307	36.7
312	36.4
316	36.3
321	36.2
325	36.2
330	36
335	35.7
340	35.6
345	35.5
350	35.4
355	35.4
360	35.3
365	35.3
371	35.3
376	35.3
382	35.1
387	35
393	35.2
398	35.2
404	35.3
410	35.4
416	35.9
422	36.1
428	36.1
434	36.1
441	36.2
447	36.3
454	36.3
460	36.2
467	35.9
474	35.7
481	35.6
488	35.7
495	35.5
502	35.6
509	35.7
517	35.7
524	35.5
532	35.4
540	35.4
547	35.4
555	35.3
563	35.3
572	35.3
580	35.2
588	35.2
597	35.1
606	35.1
614	35.1
623	35
632	34.9
642	34.9
651	35
660	35
670	34.9
680	34.9
690	34.9
700	35.1
710	35.1
720	35.2
731	35.2
741	35.3
752	35.4
763	35.4
774	35.4
785	35.4
797	35.5
808	35.5
820	35.5
832	35.4
844	35.5
856	35.6
869	35.6
882	35.5
894	35.5
907	35.6
921	35.7
934	35.9
948	36.1
961	36.1
975	36.1
990	36.6
1004	36.7
1019	36.7
1033	36.9
1048	37.1
1064	37.2
1079	37.4
1095	37.6
1111	37.5
1127	37.6
1143	37.8
1160	37.7
1177	37.7
1194	37.8
1211	37.8
1229	38.1
1247	38.1
1265	38.2
1283	38.4
1302	38.4
1321	38.8
1340	39
1360	39.1
1379	39.3
1399	39.5
1420	39.7
1440	39.9
1461	40
1483	40.3
1504	40.4
1526	40.7
1548	40.8
1571	41
1594	41.2
1617	41.4
1640	41.4
1664	41.5
1688	41.6
1713	41.8
1738	41.8
1763	41.6
1789	41.7
1815	41.8
1841	41.9
1868	41.8
1895	41.8
1923	42
1951	42.1
1979	42.1
2008	42.2
2037	42.3
2067	42.4
2097	42.4
2127	42.4
2158	42.5
2190	42.6
2221	42.7
2254	42.8
2287	42.9
2320	43
2354	43.1
2388	43.2
2423	43.2
2458	43.2
2494	43.4
2530	43.5
2567	43.5
2604	43.7
2642	43.8
2680	44
2719	44.1
2759	44.2
2799	44.3
2840	44.5
2881	44.7
2923	45
2965	45.2
3008	45.5
3052	45.7
3097	45.8
3142	46.1
3187	46.3
3234	46.5
3281	46.6
3328	46.7
3377	46.7
3426	46.8
3476	46.8
3526	47.2
3578	47.3
3630	47.4
3682	47.6
3736	47.7
3790	48
3846	48.2
3901	48.6
3958	48.8
4016	49.1
4074	49.4
4133	49.5
4194	49.4
4255	49.4
4316	49.3
4379	49.2
4443	49.5
4508	49.3
4573	49
4640	48.7
4707	49.6
4776	49.6
4845	49.4
4916	49.2
4987	49.4
5060	49.3
5133	48.9
5208	48.5
5284	47.4
5360	46.7
5438	46.1
5518	45.2
5598	43.9
5679	42.6
5762	42
5846	41.3
5931	40.7
6017	40.1
6104	39.4
6193	38.7
6283	38.2
6375	37.6
6467	37.1
6561	36.6
6657	35.4
6754	34.8
6852	34.3
6952	34
7053	33.4
7155	33
7259	32.9
7365	32.9
7472	32.5
7581	32.6
7691	32.8
7803	33
7916	33.4
8032	33.9
8148	34.4
8267	35.3
8387	36.2
8509	36.8
8633	37.3
8758	37.3
8886	37.2
9015	36.9
9146	36.2
9279	35.1
9414	34.7
9551	34
9690	33
9831	32.6
9974	31.5
10119	31.2
10266	30.9
10416	30.8
10567	31.6
10721	31.7
10877	31.5
11035	31.2
11196	30.4
11358	30
11524	29.5
11691	29
11861	28.3
12034	28.9
12209	29.4
12386	29.7
12567	30.6
12749	30.9
12935	31.2
13123	31.7
13314	32.3
13507	33.7
13704	34.6
13903	34.9
14105	33.2
14311	31.8
14519	28.1
14730	26.1
14944	25.2
15162	23.3
15382	22.5
15606	21.4
15833	20.6
16063	20.4
16297	20.6
16534	21.1
16774	22.1
17018	23.3
17266	23.8
17517	25
17772	26.5
18030	26.6
18293	24.4
18559	22.8
18829	19
19102	16
19380	13.5
20000	9.7
overall dB	65.2 dB
decay	Average
averaging	1/24 Octave
source	USB-C to 3.5mm Headphone Jack Adapter L Mic Low Range
latitude	52
longitude	4.357
saved	16/01/2023, 17:11
peak	35.2Hz
