FFT	AudioTools 	v18 iPad battery  78%	12/02/2023, 23:52	USB-C to 3.5mm Headphone Jack Adapter L Mic Low Range	3E413E14-4E3E-409A-A5B7-705B65920E1E
Frequency	dB	Unweighted
19.5	42
19.8	42.1
20.1	42.2
20.3	42.2
20.6	42.3
20.9	42.4
21.2	42.5
21.6	42.6
21.9	42.7
22.2	42.8
22.5	42.9
22.8	43
23.2	43.1
23.5	43.1
23.8	43.2
24.2	43.3
24.5	43.3
24.9	43.4
25.3	43.5
25.6	43.6
26	43.6
26.4	43.7
26.8	43.8
27.2	43.8
27.5	43.8
28	43.8
28.4	43.8
28.8	43.8
29.2	43.8
29.6	43.8
30	43.9
30.5	44
30.9	44
31.4	44
31.8	44
32.3	43.9
32.8	43.9
33.2	43.8
33.7	43.8
34.2	43.8
34.7	43.8
35.2	43.9
35.7	43.9
36.2	43.9
36.8	43.8
37.3	43.8
37.9	43.8
38.4	43.8
39	43.7
39.5	43.6
40.1	43.6
40.7	43.4
41.3	43.3
41.9	43.2
42.5	43.3
43.1	43.4
43.7	43.5
44.4	43.4
45	43.3
45.7	43.1
46.3	42.9
47	42.8
47.7	42.7
48.4	42.7
49.1	42.5
49.8	42.4
50.5	42.4
51.3	42.4
52	42.4
52.8	42.3
53.5	42.2
54.3	42.1
55.1	42
55.9	42.1
56.7	42.2
57.5	42.3
58.4	42.3
59.2	42.2
60.1	42.1
61	42.1
61.8	42
62.7	41.9
63.7	41.8
64.6	41.7
65.5	41.7
66.5	41.6
67.4	41.6
68.4	41.6
69.4	41.5
70.4	41.4
71.5	41.4
72.5	41.4
73.5	41.2
74.6	41
75.7	40.9
76.8	40.9
77.9	40.9
79.1	40.8
80.2	40.7
81.4	40.5
82.6	40.4
83.8	40.4
85	40.4
86.2	40.4
87.5	40.4
88.7	40.4
90	40.4
91.3	40.3
92.7	40.2
94	40.3
95.4	40.2
96.8	40.1
98.2	40.1
99.6	40.1
101	40.1
103	40
104	39.8
106	39.7
107	39.8
109	39.8
110	39.6
112	39.4
113	39.4
115	39.4
117	39.4
118	39.3
120	39.3
122	39.3
124	39.1
125	39
127	38.8
129	38.9
131	38.9
133	38.8
135	38.8
137	38.7
139	38.3
141	38.2
143	38.2
145	38.2
147	38.1
149	38
151	38.1
154	38
156	37.5
158	37.5
160	37.5
163	37.5
165	37.4
168	37.1
170	37.1
172	37
175	36.9
177	36.8
180	36.6
183	36.6
185	36.6
188	36.5
191	36.5
194	36.6
196	36.3
199	36.1
202	36.1
205	36
208	35.9
211	35.9
214	35.9
217	35.6
220	35.4
224	35.4
227	35.4
230	35.4
234	35.5
237	35.6
240	35.6
244	35.6
247	36
251	36.1
255	36
258	35.7
262	36.2
266	36.4
270	36.4
274	36.5
278	36.5
282	36.5
286	36.5
290	36.4
294	36.1
298	36
303	36
307	35.9
312	35.6
316	35.5
321	35.4
325	35.5
330	35.3
335	35.2
340	35
345	34.9
350	34.8
355	34.9
360	34.8
365	34.8
371	34.7
376	34.7
382	34.6
387	34.5
393	34.7
398	34.8
404	34.8
410	34.9
416	35.6
422	35.9
428	35.8
434	35.8
441	35.8
447	35.9
454	35.9
460	35.8
467	35.4
474	35.4
481	35.4
488	35.3
495	35.2
502	35.3
509	35.4
517	35.4
524	35.2
532	35.2
540	35.2
547	35.2
555	35.2
563	35.2
572	35.1
580	35.1
588	35
597	35
606	34.9
614	34.9
623	34.9
632	34.8
642	34.8
651	34.8
660	34.8
670	34.8
680	34.8
690	34.8
700	35
710	35
720	35
731	34.9
741	35.1
752	35.2
763	35.3
774	35.2
785	35.2
797	35.3
808	35.2
820	35.2
832	35.2
844	35.2
856	35.3
869	35.3
882	35.2
894	35.2
907	35.3
921	35.3
934	35.5
948	35.7
961	35.7
975	35.7
990	36
1004	36.2
1019	36.2
1033	36.3
1048	36.6
1064	36.6
1079	36.7
1095	36.8
1111	36.7
1127	36.8
1143	37
1160	37
1177	37
1194	37
1211	37
1229	37.1
1247	37.1
1265	37.1
1283	37.2
1302	37.2
1321	37.5
1340	37.6
1360	37.7
1379	37.8
1399	38
1420	38.2
1440	38.3
1461	38.3
1483	38.7
1504	38.8
1526	39
1548	39
1571	39.2
1594	39.4
1617	39.6
1640	39.7
1664	39.8
1688	39.8
1713	40.1
1738	40.1
1763	39.8
1789	40
1815	40.1
1841	40.3
1868	40.2
1895	40.3
1923	40.5
1951	40.7
1979	40.8
2008	41
2037	41.1
2067	41.4
2097	41.5
2127	41.6
2158	41.9
2190	42.1
2221	42.3
2254	42.5
2287	42.6
2320	42.8
2354	43
2388	43.1
2423	43.3
2458	43.4
2494	43.6
2530	43.7
2567	43.8
2604	43.9
2642	44.1
2680	44.2
2719	44.3
2759	44.3
2799	44.4
2840	44.5
2881	44.6
2923	44.7
2965	44.8
3008	44.9
3052	44.9
3097	45
3142	45.1
3187	45.2
3234	45.2
3281	45.3
3328	45.3
3377	45.3
3426	45.3
3476	45.3
3526	45.6
3578	45.6
3630	45.6
3682	45.5
3736	45.5
3790	45.6
3846	45.6
3901	45.8
3958	45.9
4016	46.1
4074	46.3
4133	46.6
4194	46.6
4255	47.2
4316	47.6
4379	48.3
4443	49.3
4508	50.1
4573	51
4640	51.7
4707	53.8
4776	54.6
4845	55.1
4916	55.4
4987	55.9
5060	55.6
5133	54.9
5208	54.1
5284	52.6
5360	51.7
5438	50.9
5518	49.8
5598	48.5
5679	47.3
5762	46.8
5846	46.1
5931	45.7
6017	45.2
6104	44.7
6193	44.1
6283	43.7
6375	43.2
6467	42.6
6561	42.1
6657	40.7
6754	40
6852	39.2
6952	38.7
7053	37.8
7155	37
7259	36.6
7365	36.1
7472	35.2
7581	34.7
7691	34.1
7803	33.9
7916	33.7
8032	33.5
8148	33.2
8267	33
8387	33.3
8509	33.3
8633	33.2
8758	33.1
8886	33.6
9015	33.8
9146	34.2
9279	35.2
9414	36
9551	37
9690	38.9
9831	40
9974	40.9
10119	40.7
10266	39.3
10416	36.1
10567	35.3
10721	32.4
10877	30.6
11035	29.3
11196	27.2
11358	26.3
11524	25.6
11691	25.3
11861	24.8
12034	25.8
12209	26.5
12386	26.9
12567	27.8
12749	28
12935	28.2
13123	28.5
13314	29
13507	30.2
13704	31.5
13903	32.6
14105	35.6
14311	37.5
14519	39.7
14730	38.8
14944	37.8
15162	34.5
15382	33
15606	30.6
15833	29
16063	28
16297	26.3
16534	25.2
16774	24.8
17018	23.2
17266	22.2
17517	21
17772	24
18030	24.6
18293	19.3
18559	17.6
18829	16.8
19102	17.3
19380	17.9
20000	18.9
overall dB	66 dB
decay	Average
averaging	1/24 Octave
source	USB-C to 3.5mm Headphone Jack Adapter L Mic Low Range
latitude	52
longitude	4.357
saved	12/02/2023, 23:52
peak	26.4Hz
