FFT	AudioTools 	v16.1.4 iPad battery 100%	07/01/2023, 12:28	USB-C to 3.5mm Headphone Jack Adapter L Mic Low Range	3E413E14-4E3E-409A-A5B7-705B65920E1E
Frequency	dB	Unweighted
19.5	33.1
19.8	33.3
20.1	33.3
20.3	33.4
20.6	33.6
20.9	33.7
21.2	33.8
21.6	33.9
21.9	34
22.2	34.2
22.5	34.3
22.8	34.3
23.2	34.5
23.5	34.6
23.8	34.7
24.2	34.9
24.5	35
24.9	35.2
25.3	35.3
25.6	35.4
26	35.5
26.4	35.6
26.8	35.8
27.2	35.8
27.5	35.9
28	36
28.4	36
28.8	36
29.2	36.1
29.6	36.2
30	36.3
30.5	36.4
30.9	36.4
31.4	36.4
31.8	36.4
32.3	36.3
32.8	36.3
33.2	36.4
33.7	36.5
34.2	36.6
34.7	36.8
35.2	36.9
35.7	36.9
36.2	36.9
36.8	36.9
37.3	36.9
37.9	36.9
38.4	37
39	37.1
39.5	37.1
40.1	37.1
40.7	37
41.3	36.9
41.9	36.8
42.5	36.9
43.1	37.1
43.7	37.1
44.4	37.1
45	37
45.7	36.9
46.3	36.8
47	36.9
47.7	37.1
48.4	37.2
49.1	37.2
49.8	37.1
50.5	37.2
51.3	37.3
52	37.3
52.8	37.2
53.5	37.2
54.3	37.1
55.1	37.1
55.9	37.2
56.7	37.3
57.5	37.4
58.4	37.5
59.2	37.4
60.1	37.4
61	37.5
61.8	37.5
62.7	37.5
63.7	37.5
64.6	37.5
65.5	37.6
66.5	37.7
67.4	37.8
68.4	37.8
69.4	37.8
70.4	37.8
71.5	37.7
72.5	37.7
73.5	37.5
74.6	37.4
75.7	37.4
76.8	37.5
77.9	37.6
79.1	37.6
80.2	37.6
81.4	37.5
82.6	37.3
83.8	37.2
85	37.2
86.2	37.4
87.5	37.6
88.7	37.7
90	37.8
91.3	37.6
92.7	37.6
94	37.8
95.4	37.6
96.8	37.5
98.2	37.5
99.6	37.6
101	37.5
103	37.4
104	37.5
106	37.5
107	37.6
109	37.6
110	37.5
112	37.4
113	37.4
115	37.4
117	37.4
118	37.3
120	37.4
122	37.5
124	37.3
125	37.2
127	37.2
129	37.3
131	37.3
133	37.2
135	36.9
137	36.9
139	36.8
141	36.8
143	36.7
145	36.7
147	36.6
149	36.5
151	36.6
154	36.5
156	36.3
158	36.2
160	36.2
163	36.2
165	36
168	35.7
170	35.7
172	35.6
175	35.6
177	35.6
180	35.6
183	35.6
185	35.5
188	35.2
191	35.2
194	35.3
196	35.1
199	35
202	34.9
205	34.7
208	34.5
211	34.5
214	34.5
217	34.4
220	34.5
224	34.4
227	34.2
230	34.1
234	34.2
237	34.2
240	34.1
244	34.2
247	34.5
251	34.6
255	34.5
258	34.3
262	34.8
266	34.9
270	34.8
274	34.8
278	35
282	35
286	34.9
290	34.8
294	34.5
298	34.3
303	34.2
307	34.1
312	33.8
316	33.7
321	33.7
325	33.7
330	33.4
335	33.1
340	32.9
345	32.8
350	32.8
355	32.8
360	32.7
365	32.6
371	32.6
376	32.6
382	32.4
387	32.3
393	32.5
398	32.5
404	32.6
410	32.6
416	33.1
422	33.2
428	33.2
434	33.2
441	33.3
447	33.3
454	33.3
460	33.1
467	32.8
474	32.6
481	32.5
488	32.6
495	32.4
502	32.4
509	32.5
517	32.5
524	32.3
532	32.1
540	32
547	32.1
555	32
563	31.9
572	31.9
580	31.8
588	31.7
597	31.7
606	31.7
614	31.6
623	31.4
632	31.3
642	31.3
651	31.3
660	31.3
670	31.2
680	31.1
690	31.1
700	31.2
710	31.2
720	31.3
731	31.2
741	31.3
752	31.4
763	31.4
774	31.4
785	31.3
797	31.4
808	31.3
820	31.3
832	31.2
844	31.2
856	31.3
869	31.2
882	31.1
894	31.1
907	31.2
921	31.2
934	31.4
948	31.5
961	31.5
975	31.5
990	31.9
1004	32
1019	32.1
1033	32.2
1048	32.3
1064	32.4
1079	32.5
1095	32.6
1111	32.6
1127	32.6
1143	32.7
1160	32.7
1177	32.6
1194	32.7
1211	32.7
1229	32.9
1247	32.8
1265	32.8
1283	32.8
1302	32.8
1321	33.2
1340	33.3
1360	33.4
1379	33.5
1399	33.7
1420	33.9
1440	34
1461	34.1
1483	34.4
1504	34.5
1526	34.8
1548	34.9
1571	35.1
1594	35.1
1617	35
1640	35
1664	35.1
1688	35.2
1713	35.6
1738	35.7
1763	35.6
1789	35.8
1815	36.1
1841	36.3
1868	36.4
1895	36.5
1923	36.9
1951	37.2
1979	37.3
2008	37.7
2037	38
2067	38.3
2097	38.7
2127	38.9
2158	39.4
2190	39.7
2221	40.1
2254	40.6
2287	40.9
2320	41.4
2354	41.8
2388	42.2
2423	42.7
2458	43
2494	43.6
2530	44
2567	44.3
2604	44.8
2642	45.1
2680	45.6
2719	45.8
2759	46
2799	46.2
2840	46.4
2881	46.5
2923	46.5
2965	46.5
3008	46.4
3052	46.2
3097	46
3142	45.7
3187	45.5
3234	45.2
3281	45
3328	44.8
3377	44.4
3426	44.1
3476	43.8
3526	43.7
3578	43.5
3630	43.2
3682	43
3736	42.8
3790	42.6
3846	42.6
3901	42.6
3958	42.6
4016	42.7
4074	42.9
4133	43.1
4194	43.2
4255	43.6
4316	44
4379	44.6
4443	45.5
4508	46.1
4573	46.6
4640	46.9
4707	48.3
4776	48.6
4845	48.3
4916	47.9
4987	47.9
5060	47.3
5133	46.4
5208	45.7
5284	44.3
5360	43.4
5438	42.7
5518	41.7
5598	40.5
5679	39.4
5762	39
5846	38.6
5931	38.3
6017	38
6104	37.7
6193	37.3
6283	37.2
6375	36.9
6467	36.6
6561	36.4
6657	35.4
6754	34.9
6852	34.5
6952	34.3
7053	33.6
7155	33.2
7259	32.9
7365	32.7
7472	31.9
7581	31.5
7691	31.1
7803	30.9
7916	30.8
8032	30.6
8148	30.4
8267	30.2
8387	30.6
8509	30.6
8633	30.6
8758	30.6
8886	31
9015	31.1
9146	31.3
9279	31.8
9414	32.3
9551	32.8
9690	33.6
9831	34.1
9974	34.2
10119	34
10266	33.3
10416	31.6
10567	31.3
10721	29.1
10877	27.6
11035	26.5
11196	24.3
11358	23.4
11524	22.2
11691	20.4
11861	18.9
12034	17.5
12209	16.9
12386	16.6
12567	17
12749	17.1
12935	17.5
13123	18
13314	18.7
13507	20.1
13704	21.3
13903	22.3
14105	24.2
14311	25.3
14519	26.9
14730	27.3
14944	27.6
15162	26.4
15382	25.6
15606	23.9
15833	22.7
16063	22
16297	20.9
16534	20.5
16774	20.7
17018	20.3
17266	19.9
17517	23.3
17772	20.9
18030	17.7
18293	14.5
18559	13.2
18829	11.9
19102	12.3
19380	12.9
20000	13.6
overall dB	62.2 dB
decay	Average
averaging	1/24 Octave
source	USB-C to 3.5mm Headphone Jack Adapter L Mic Low Range
latitude	52
longitude	4.358
saved	07/01/2023, 12:28
peak	33.5Hz
