FFT	AudioTools 	v16.1.4 iPad battery  60%	07/01/2023, 01:20	USB-C to 3.5mm Headphone Jack Adapter L Mic Low Range	3E413E14-4E3E-409A-A5B7-705B65920E1E
Frequency	dB	Unweighted
19.5	68.9
19.8	69
20.1	69.1
20.3	69.1
20.6	69.3
20.9	69.4
21.2	69.5
21.6	69.6
21.9	69.8
22.2	70
22.5	70.1
22.8	70.2
23.2	70.3
23.5	70.4
23.8	70.6
24.2	70.7
24.5	70.8
24.9	71
25.3	71.1
25.6	71.3
26	71.4
26.4	71.5
26.8	71.6
27.2	71.6
27.5	71.7
28	71.8
28.4	71.8
28.8	71.9
29.2	72
29.6	72.1
30	72.3
30.5	72.5
30.9	72.5
31.4	72.6
31.8	72.6
32.3	72.6
32.8	72.6
33.2	72.6
33.7	72.7
34.2	72.7
34.7	72.8
35.2	72.9
35.7	73
36.2	73.1
36.8	73.1
37.3	73.1
37.9	73.2
38.4	73.3
39	73.3
39.5	73.3
40.1	73.3
40.7	73.2
41.3	73.1
41.9	73
42.5	73.2
43.1	73.4
43.7	73.5
44.4	73.6
45	73.5
45.7	73.4
46.3	73.3
47	73.4
47.7	73.5
48.4	73.6
49.1	73.6
49.8	73.6
50.5	73.6
51.3	73.7
52	73.7
52.8	73.6
53.5	73.6
54.3	73.5
55.1	73.4
55.9	73.5
56.7	73.6
57.5	73.8
58.4	73.9
59.2	73.9
60.1	73.9
61	73.9
61.8	73.8
62.7	73.7
63.7	73.7
64.6	73.8
65.5	73.8
66.5	73.8
67.4	73.8
68.4	73.9
69.4	73.8
70.4	73.8
71.5	73.8
72.5	73.8
73.5	73.7
74.6	73.6
75.7	73.6
76.8	73.6
77.9	73.6
79.1	73.5
80.2	73.5
81.4	73.4
82.6	73.4
83.8	73.4
85	73.4
86.2	73.5
87.5	73.6
88.7	73.6
90	73.7
91.3	73.6
92.7	73.6
94	73.7
95.4	73.6
96.8	73.6
98.2	73.6
99.6	73.6
101	73.6
103	73.6
104	73.5
106	73.5
107	73.5
109	73.4
110	73.3
112	73.2
113	73.2
115	73.1
117	73.1
118	73.1
120	73
122	73
124	73
125	72.8
127	72.7
129	72.7
131	72.7
133	72.6
135	72.4
137	72.3
139	72.2
141	72.2
143	72.1
145	72.1
147	72
149	71.9
151	71.9
154	71.8
156	71.5
158	71.4
160	71.3
163	71.1
165	71
168	70.9
170	70.8
172	70.8
175	70.7
177	70.5
180	70.3
183	70.3
185	70.2
188	70
191	70
194	70
196	69.7
199	69.6
202	69.4
205	69.4
208	69.3
211	69.1
214	69.1
217	68.8
220	68.7
224	68.7
227	68.5
230	68.4
234	68.5
237	68.5
240	68.5
244	68.3
247	68.6
251	68.7
255	68.5
258	68.3
262	68.8
266	68.9
270	68.9
274	68.8
278	68.8
282	68.8
286	68.6
290	68.4
294	68.2
298	68
303	68
307	67.7
312	67.3
316	67.2
321	67.1
325	67
330	66.8
335	66.6
340	66.4
345	66.1
350	65.9
355	65.9
360	65.7
365	65.6
371	65.4
376	65.4
382	65.2
387	65.2
393	65.3
398	65.2
404	65.1
410	65.1
416	65.8
422	65.8
428	65.7
434	65.6
441	65.7
447	65.7
454	65.6
460	65.4
467	65
474	64.8
481	64.6
488	64.5
495	64.3
502	64.3
509	64.3
517	64.2
524	63.9
532	63.8
540	63.6
547	63.6
555	63.4
563	63.4
572	63.2
580	63.1
588	62.9
597	62.8
606	62.7
614	62.6
623	62.3
632	62.2
642	62.2
651	62.1
660	61.9
670	61.8
680	61.7
690	61.6
700	61.7
710	61.6
720	61.5
731	61.4
741	61.4
752	61.3
763	61.3
774	61.2
785	61.1
797	61.1
808	61
820	60.9
832	60.7
844	60.6
856	60.6
869	60.4
882	60.2
894	60.2
907	60.1
921	60
934	60.1
948	60
961	59.9
975	59.9
990	60.2
1004	60.2
1019	60.1
1033	60.2
1048	60.3
1064	60.2
1079	60.2
1095	60.3
1111	60.1
1127	60.1
1143	60.2
1160	60
1177	59.9
1194	59.9
1211	59.8
1229	59.8
1247	59.7
1265	59.6
1283	59.6
1302	59.5
1321	59.6
1340	59.7
1360	59.7
1379	59.9
1399	59.9
1420	60
1440	60.1
1461	60.1
1483	60.2
1504	60.3
1526	60.4
1548	60.4
1571	60.5
1594	60.6
1617	60.7
1640	60.7
1664	60.8
1688	60.8
1713	61.1
1738	61.1
1763	60.9
1789	61
1815	61.3
1841	61.5
1868	61.6
1895	61.7
1923	62.2
1951	62.5
1979	62.8
2008	63.4
2037	63.8
2067	64.4
2097	64.9
2127	65.3
2158	66
2190	66.4
2221	67
2254	67.5
2287	67.8
2320	68.2
2354	68.5
2388	68.7
2423	68.9
2458	69
2494	69.2
2530	69.3
2567	69.4
2604	69.6
2642	69.6
2680	69.9
2719	70
2759	70
2799	70.2
2840	70.3
2881	70.5
2923	70.7
2965	70.8
3008	71
3052	71.1
3097	71.2
3142	71.4
3187	71.5
3234	71.6
3281	71.6
3328	71.7
3377	71.7
3426	71.7
3476	71.7
3526	71.9
3578	72
3630	72
3682	72
3736	72
3790	72.1
3846	72.2
3901	72.4
3958	72.6
4016	72.9
4074	73.4
4133	73.7
4194	73.9
4255	74.5
4316	74.9
4379	75.5
4443	76.2
4508	76.5
4573	76.7
4640	76.5
4707	77.4
4776	77.4
4845	77
4916	76.7
4987	76.8
5060	76.6
5133	76.3
5208	76
5284	75.2
5360	74.9
5438	74.8
5518	74.5
5598	73.8
5679	73.3
5762	73.1
5846	72.6
5931	72.2
6017	71.5
6104	70.7
6193	69.5
6283	68.6
6375	67.5
6467	66.7
6561	65.7
6657	63.8
6754	62.7
6852	61.2
6952	60.5
7053	59.4
7155	58.4
7259	57.8
7365	57.2
7472	56.2
7581	55.6
7691	55.1
7803	55
7916	55.1
8032	55.1
8148	55.2
8267	55.5
8387	56.1
8509	56.6
8633	57.3
8758	57.7
8886	59.2
9015	60.1
9146	61.5
9279	64.2
9414	65.6
9551	66.3
9690	64.3
9831	62.5
9974	58.4
10119	56.6
10266	54.6
10416	52.3
10567	52.1
10721	50.7
10877	49.8
11035	49.2
11196	48.4
11358	48.2
11524	48.3
11691	48.8
11861	48.3
12034	48.6
12209	49.3
12386	50
12567	52.9
12749	54.5
12935	58
13123	59.5
13314	59.9
13507	58
13704	56.2
13903	54.9
14105	52.8
14311	52.1
14519	51.4
14730	51.3
14944	51.9
15162	52.3
15382	52.1
15606	49.3
15833	45.6
16063	42.6
16297	38.1
16534	37.1
16774	37.7
17018	38.8
17266	39.3
17517	41.7
17772	47.8
18030	50.9
18293	46.4
18559	44.4
18829	44.3
19102	45.1
19380	45
20000	42.9
overall dB	93.9 dB
decay	Average
averaging	1/24 Octave
source	USB-C to 3.5mm Headphone Jack Adapter L Mic Low Range
latitude	52
longitude	4.358
saved	07/01/2023, 01:20
peak	43.9Hz
