FFT	AudioTools 	v16.1.4 iPad battery  99%	07/01/2023, 13:23	USB-C to 3.5mm Headphone Jack Adapter L Mic Low Range	3E413E14-4E3E-409A-A5B7-705B65920E1E
Frequency	dB	Unweighted
19.5	77.5
19.8	77.5
20.1	77.6
20.3	77.6
20.6	77.7
20.9	77.7
21.2	77.8
21.6	77.9
21.9	78
22.2	78.1
22.5	78.2
22.8	78.2
23.2	78.3
23.5	78.4
23.8	78.5
24.2	78.6
24.5	78.6
24.9	78.8
25.3	78.9
25.6	79.1
26	79.2
26.4	79.2
26.8	79.3
27.2	79.3
27.5	79.3
28	79.3
28.4	79.3
28.8	79.3
29.2	79.3
29.6	79.4
30	79.5
30.5	79.5
30.9	79.5
31.4	79.5
31.8	79.5
32.3	79.4
32.8	79.4
33.2	79.4
33.7	79.4
34.2	79.4
34.7	79.4
35.2	79.5
35.7	79.5
36.2	79.5
36.8	79.4
37.3	79.4
37.9	79.4
38.4	79.5
39	79.5
39.5	79.5
40.1	79.5
40.7	79.4
41.3	79.2
41.9	79.1
42.5	79.2
43.1	79.3
43.7	79.3
44.4	79.3
45	79.2
45.7	79.1
46.3	79
47	79
47.7	79
48.4	79.1
49.1	78.9
49.8	78.8
50.5	78.9
51.3	78.9
52	79
52.8	78.9
53.5	78.8
54.3	78.6
55.1	78.5
55.9	78.5
56.7	78.7
57.5	78.8
58.4	78.9
59.2	78.9
60.1	79
61	78.9
61.8	78.8
62.7	78.7
63.7	78.5
64.6	78.5
65.5	78.5
66.5	78.5
67.4	78.5
68.4	78.6
69.4	78.5
70.4	78.5
71.5	78.5
72.5	78.4
73.5	78.2
74.6	78
75.7	77.9
76.8	77.9
77.9	78
79.1	78
80.2	78
81.4	77.8
82.6	77.7
83.8	77.6
85	77.5
86.2	77.6
87.5	77.7
88.7	77.8
90	77.8
91.3	77.7
92.7	77.7
94	77.7
95.4	77.7
96.8	77.6
98.2	77.5
99.6	77.5
101	77.4
103	77.3
104	77.3
106	77.3
107	77.3
109	77.3
110	77
112	76.8
113	76.8
115	76.7
117	76.7
118	76.6
120	76.6
122	76.6
124	76.4
125	76.3
127	76.1
129	76.1
131	76.1
133	76.1
135	75.9
137	75.8
139	75.5
141	75.5
143	75.5
145	75.4
147	75.3
149	75.3
151	75.3
154	75.1
156	74.7
158	74.7
160	74.6
163	74.4
165	74.2
168	74
170	73.9
172	73.9
175	73.7
177	73.6
180	73.5
183	73.4
185	73.3
188	73.1
191	73
194	73
196	72.6
199	72.5
202	72.4
205	72.4
208	72.1
211	72
214	72
217	71.7
220	71.5
224	71.5
227	71.3
230	71.3
234	71.3
237	71.4
240	71.3
244	71.2
247	71.4
251	71.5
255	71.4
258	71.1
262	71.5
266	71.6
270	71.6
274	71.4
278	71.5
282	71.4
286	71.2
290	71.2
294	70.9
298	70.6
303	70.5
307	70.4
312	70
316	69.8
321	69.8
325	69.7
330	69.4
335	69.2
340	69
345	68.8
350	68.6
355	68.5
360	68.3
365	68.3
371	68.2
376	68.1
382	67.9
387	67.8
393	67.9
398	67.8
404	67.7
410	67.7
416	68.4
422	68.5
428	68.3
434	68.3
441	68.3
447	68.2
454	68.1
460	67.9
467	67.6
474	67.4
481	67.2
488	67.1
495	67
502	66.9
509	66.9
517	66.7
524	66.5
532	66.4
540	66.2
547	66
555	65.9
563	65.7
572	65.5
580	65.2
588	64.9
597	64.6
606	64.3
614	64.6
623	65.3
632	65.5
642	65.5
651	65.4
660	65.3
670	65.1
680	65
690	64.9
700	64.9
710	64.9
720	64.7
731	64.6
741	64.7
752	64.7
763	64.7
774	64.5
785	64.5
797	64.5
808	64.4
820	64.4
832	64.2
844	64.1
856	63.9
869	63.6
882	63.2
894	62.9
907	62.7
921	62.7
934	62.8
948	62.9
961	62.8
975	62.7
990	63.1
1004	63.2
1019	63.2
1033	63.2
1048	63.4
1064	63.4
1079	63.5
1095	63.6
1111	63.4
1127	63.4
1143	63.6
1160	63.6
1177	63.6
1194	63.6
1211	63.6
1229	63.7
1247	63.7
1265	63.8
1283	63.9
1302	63.9
1321	64.1
1340	64.3
1360	64.3
1379	64.6
1399	64.7
1420	64.9
1440	65
1461	65.1
1483	65.3
1504	65.4
1526	65.5
1548	65.5
1571	65.7
1594	65.9
1617	66
1640	66
1664	66.1
1688	66.1
1713	66.3
1738	66.2
1763	66
1789	66.1
1815	66.3
1841	66.4
1868	66.3
1895	66.3
1923	66.5
1951	66.7
1979	66.7
2008	67
2037	67.1
2067	67.3
2097	67.4
2127	67.5
2158	67.7
2190	67.9
2221	68.1
2254	68.3
2287	68.4
2320	68.6
2354	68.7
2388	68.8
2423	69
2458	69
2494	69.1
2530	69.2
2567	69.3
2604	69.4
2642	69.5
2680	69.5
2719	69.5
2759	69.5
2799	69.5
2840	69.5
2881	69.5
2923	69.6
2965	69.7
3008	69.7
3052	69.7
3097	69.7
3142	69.8
3187	69.9
3234	69.9
3281	69.9
3328	69.9
3377	70
3426	70
3476	70
3526	70.3
3578	70.4
3630	70.5
3682	70.6
3736	70.6
3790	70.8
3846	71
3901	71.3
3958	71.5
4016	71.8
4074	72.3
4133	72.7
4194	72.9
4255	73.7
4316	74.3
4379	75.3
4443	76.5
4508	77.5
4573	78.5
4640	79.3
4707	81.4
4776	82.2
4845	82.6
4916	83
4987	83.6
5060	83.8
5133	83.8
5208	83.8
5284	83.5
5360	83.6
5438	83.9
5518	84
5598	83.4
5679	82.3
5762	81.5
5846	80
5931	78.3
6017	76.7
6104	74.9
6193	73.1
6283	71.8
6375	70.3
6467	69.2
6561	68
6657	66.1
6754	65
6852	63.8
6952	63.2
7053	62.1
7155	61.2
7259	60.7
7365	60.3
7472	59.4
7581	59
7691	58.7
7803	58.6
7916	58.7
8032	58.7
8148	58.9
8267	59.4
8387	60.2
8509	60.9
8633	62
8758	62.6
8886	64.7
9015	65.9
9146	67.7
9279	70.8
9414	72
9551	72.2
9690	69.9
9831	68.5
9974	65.7
10119	64.7
10266	63.9
10416	63.5
10567	64.4
10721	65.3
10877	65.7
11035	65.9
11196	65.7
11358	65.2
11524	63.5
11691	59.6
11861	57
12034	54.4
12209	53.1
12386	52
12567	50.8
12749	50.2
12935	49
13123	48.5
13314	48.2
13507	47.7
13704	47.6
13903	47.7
14105	47.8
14311	48.2
14519	49.7
14730	51.4
14944	53.4
15162	56
15382	55.7
15606	51.4
15833	48.3
16063	46.7
16297	45
16534	44.3
16774	44.3
17018	43.3
17266	43
17517	45.6
17772	49.2
18030	50.7
18293	48.2
18559	47
18829	47.9
19102	50
19380	50.9
20000	48.7
overall dB	99.2 dB
decay	Average
averaging	1/24 Octave
source	USB-C to 3.5mm Headphone Jack Adapter L Mic Low Range
latitude	52
longitude	4.358
saved	07/01/2023, 13:23
peak	26.4Hz
