FFT	AudioTools 	v16.1.4 iPad battery  67%	06/01/2023, 15:12	USB-C to 3.5mm Headphone Jack Adapter L Mic Low Range	3E413E14-4E3E-409A-A5B7-705B65920E1E
Frequency	dB	Unweighted
19.5	77.9
19.8	77.9
20.1	77.9
20.3	78
20.6	78
20.9	78.1
21.2	78.2
21.6	78.2
21.9	78.3
22.2	78.4
22.5	78.4
22.8	78.4
23.2	78.4
23.5	78.4
23.8	78.4
24.2	78.4
24.5	78.4
24.9	78.5
25.3	78.5
25.6	78.5
26	78.6
26.4	78.6
26.8	78.6
27.2	78.6
27.5	78.5
28	78.4
28.4	78.4
28.8	78.3
29.2	78.3
29.6	78.3
30	78.4
30.5	78.5
30.9	78.5
31.4	78.5
31.8	78.5
32.3	78.4
32.8	78.3
33.2	78.2
33.7	78.2
34.2	78.1
34.7	78
35.2	78
35.7	77.9
36.2	77.7
36.8	77.6
37.3	77.5
37.9	77.5
38.4	77.5
39	77.5
39.5	77.4
40.1	77.4
40.7	77.2
41.3	77.1
41.9	76.9
42.5	76.9
43.1	76.9
43.7	77
44.4	77
45	76.8
45.7	76.7
46.3	76.5
47	76.4
47.7	76.4
48.4	76.4
49.1	76.2
49.8	76.1
50.5	76
51.3	76
52	76.1
52.8	76
53.5	75.9
54.3	75.7
55.1	75.6
55.9	75.5
56.7	75.6
57.5	75.6
58.4	75.7
59.2	75.6
60.1	75.5
61	75.3
61.8	75.2
62.7	75
63.7	75
64.6	75
65.5	74.9
66.5	74.8
67.4	74.8
68.4	74.8
69.4	74.7
70.4	74.6
71.5	74.5
72.5	74.5
73.5	74.2
74.6	74.1
75.7	73.9
76.8	73.9
77.9	73.8
79.1	73.8
80.2	73.7
81.4	73.6
82.6	73.5
83.8	73.4
85	73.3
86.2	73.3
87.5	73.4
88.7	73.5
90	73.5
91.3	73.3
92.7	73.1
94	73.1
95.4	73
96.8	72.9
98.2	72.8
99.6	72.9
101	72.8
103	72.7
104	72.6
106	72.5
107	72.4
109	72.3
110	72.2
112	72.2
113	72.1
115	72
117	72
118	71.9
120	71.8
122	71.8
124	71.5
125	71.3
127	71.2
129	71.4
131	71.4
133	71.3
135	71.1
137	70.9
139	70.6
141	70.6
143	70.6
145	70.5
147	70.4
149	70.3
151	70.3
154	70.2
156	69.9
158	69.8
160	69.8
163	69.7
165	69.5
168	69.4
170	69.3
172	69.2
175	69
177	68.9
180	68.9
183	68.8
185	68.7
188	68.5
191	68.4
194	68.4
196	68.2
199	68.1
202	68
205	67.9
208	67.8
211	67.6
214	67.6
217	67.4
220	67.3
224	67.2
227	67.1
230	67.1
234	67.2
237	67.3
240	67.2
244	67.2
247	67.5
251	67.6
255	67.3
258	67.2
262	67.6
266	67.7
270	67.7
274	67.6
278	67.7
282	67.7
286	67.7
290	67.5
294	67.3
298	67.1
303	67.1
307	67
312	66.6
316	66.4
321	66.4
325	66.5
330	66.2
335	65.9
340	65.7
345	65.7
350	65.5
355	65.6
360	65.5
365	65.4
371	65.3
376	65.3
382	65.1
387	65.1
393	65.2
398	65.2
404	65.3
410	65.3
416	65.8
422	65.9
428	65.8
434	65.9
441	66
447	66
454	66
460	65.8
467	65.5
474	65.3
481	65.2
488	65.1
495	65.1
502	65
509	65.1
517	65
524	64.8
532	64.7
540	64.6
547	64.6
555	64.5
563	64.5
572	64.4
580	64.2
588	64.1
597	64
606	64
614	64
623	63.8
632	63.7
642	63.7
651	63.7
660	63.6
670	63.5
680	63.5
690	63.5
700	63.5
710	63.6
720	63.5
731	63.4
741	63.5
752	63.5
763	63.6
774	63.4
785	63.4
797	63.4
808	63.4
820	63.4
832	63.2
844	63.1
856	63.1
869	63
882	62.9
894	62.9
907	62.9
921	62.9
934	63.2
948	63.3
961	63.3
975	63.2
990	63.6
1004	63.7
1019	63.6
1033	63.7
1048	63.9
1064	64
1079	64
1095	64.1
1111	63.9
1127	64
1143	64.2
1160	64.2
1177	64.2
1194	64.2
1211	64.1
1229	64.2
1247	64.1
1265	64.1
1283	64.3
1302	64.2
1321	64.4
1340	64.5
1360	64.6
1379	64.9
1399	65
1420	65.2
1440	65.4
1461	65.4
1483	65.7
1504	65.8
1526	66
1548	66.1
1571	66.3
1594	66.5
1617	66.8
1640	66.8
1664	67
1688	67
1713	67.3
1738	67.3
1763	67.1
1789	67.3
1815	67.5
1841	67.7
1868	67.7
1895	67.9
1923	68.1
1951	68.3
1979	68.4
2008	68.8
2037	68.9
2067	69.2
2097	69.3
2127	69.4
2158	69.7
2190	69.9
2221	70
2254	70.2
2287	70.4
2320	70.5
2354	70.7
2388	70.8
2423	70.8
2458	70.8
2494	70.9
2530	70.9
2567	70.9
2604	70.9
2642	70.9
2680	70.8
2719	70.7
2759	70.6
2799	70.4
2840	70.2
2881	70
2923	69.8
2965	69.7
3008	69.5
3052	69.5
3097	69.4
3142	69.5
3187	69.6
3234	69.6
3281	69.6
3328	69.7
3377	69.7
3426	69.8
3476	69.8
3526	70.2
3578	70.2
3630	70.3
3682	70.4
3736	70.4
3790	70.6
3846	70.8
3901	71.1
3958	71.3
4016	71.6
4074	72.1
4133	72.4
4194	72.6
4255	73.3
4316	73.9
4379	74.7
4443	75.9
4508	76.9
4573	78
4640	78.9
4707	81.2
4776	82.4
4845	83.4
4916	84.5
4987	85.6
5060	86.1
5133	86.3
5208	86.2
5284	85.3
5360	84.8
5438	84.2
5518	83.2
5598	81.8
5679	80.1
5762	79.3
5846	78.2
5931	77.1
6017	76.1
6104	75
6193	73.8
6283	72.9
6375	71.9
6467	71.1
6561	70.2
6657	68.6
6754	68
6852	67.4
6952	67.1
7053	66.4
7155	66
7259	66
7365	66
7472	65.6
7581	65.7
7691	66
7803	66.2
7916	66.7
8032	67.2
8148	67.7
8267	68.8
8387	69.8
8509	70.9
8633	72.7
8758	73.7
8886	76.2
9015	77.4
9146	78.7
9279	79.9
9414	80.2
9551	79.9
9690	78.3
9831	77.1
9974	73.5
10119	71.5
10266	69
10416	65.5
10567	64.7
10721	62
10877	60.3
11035	59.1
11196	57
11358	56.1
11524	55
11691	53.4
11861	52
12034	50.7
12209	50.2
12386	49.9
12567	50.1
12749	50.1
12935	50.3
13123	50.6
13314	51.1
13507	52.8
13704	54.3
13903	55
14105	52.2
14311	49.3
14519	43
14730	40.2
14944	39.6
15162	39.2
15382	39.3
15606	39.6
15833	39.5
16063	39.7
16297	40.2
16534	40.4
16774	41.1
17018	41
17266	40.9
17517	43.9
17772	48.9
18030	52.2
18293	54.1
18559	52.9
18829	48.9
19102	45.5
19380	42.8
20000	38.2
overall dB	97.9 dB
decay	Average
averaging	1/24 Octave
source	USB-C to 3.5mm Headphone Jack Adapter L Mic Low Range
latitude	52
longitude	4.358
saved	06/01/2023, 15:12
peak	18.6Hz
