FFT	AudioTools 	v16.1.4 iPad battery 100%	07/01/2023, 12:32	USB-C to 3.5mm Headphone Jack Adapter L Mic Low Range	3E413E14-4E3E-409A-A5B7-705B65920E1E
Frequency	dB	Unweighted
19.5	42.9
19.8	43.1
20.1	43.2
20.3	43.2
20.6	43.5
20.9	43.6
21.2	43.8
21.6	44
21.9	44.1
22.2	44.3
22.5	44.5
22.8	44.5
23.2	44.7
23.5	44.8
23.8	44.9
24.2	45
24.5	45.1
24.9	45.2
25.3	45.3
25.6	45.4
26	45.5
26.4	45.6
26.8	45.6
27.2	45.7
27.5	45.7
28	45.7
28.4	45.8
28.8	45.8
29.2	45.8
29.6	45.9
30	46
30.5	46.1
30.9	46.1
31.4	46.1
31.8	46.1
32.3	46.2
32.8	46.2
33.2	46.2
33.7	46.4
34.2	46.5
34.7	46.5
35.2	46.6
35.7	46.6
36.2	46.7
36.8	46.6
37.3	46.6
37.9	46.7
38.4	46.7
39	46.8
39.5	46.8
40.1	46.8
40.7	46.6
41.3	46.5
41.9	46.5
42.5	46.5
43.1	46.7
43.7	46.8
44.4	46.8
45	46.6
45.7	46.5
46.3	46.4
47	46.4
47.7	46.5
48.4	46.6
49.1	46.5
49.8	46.5
50.5	46.6
51.3	46.6
52	46.7
52.8	46.6
53.5	46.5
54.3	46.4
55.1	46.2
55.9	46.2
56.7	46.3
57.5	46.3
58.4	46.4
59.2	46.4
60.1	46.4
61	46.4
61.8	46.3
62.7	46.2
63.7	46.1
64.6	46.2
65.5	46.2
66.5	46.3
67.4	46.3
68.4	46.4
69.4	46.4
70.4	46.3
71.5	46.3
72.5	46.4
73.5	46.2
74.6	46
75.7	45.9
76.8	45.8
77.9	45.9
79.1	45.8
80.2	45.8
81.4	45.7
82.6	45.6
83.8	45.5
85	45.5
86.2	45.5
87.5	45.6
88.7	45.6
90	45.6
91.3	45.4
92.7	45.6
94	45.7
95.4	45.6
96.8	45.4
98.2	45.3
99.6	45.4
101	45.3
103	45.2
104	45.2
106	45.1
107	45.1
109	45.1
110	44.9
112	44.8
113	44.7
115	44.7
117	44.8
118	44.7
120	44.7
122	44.7
124	44.6
125	44.5
127	44.4
129	44.4
131	44.4
133	44.3
135	44.2
137	44.1
139	43.9
141	43.8
143	43.7
145	43.6
147	43.5
149	43.4
151	43.3
154	43.3
156	43.1
158	43
160	43
163	42.9
165	42.7
168	42.5
170	42.5
172	42.5
175	42.3
177	42.3
180	42.2
183	42.2
185	42.1
188	42
191	41.9
194	41.8
196	41.6
199	41.5
202	41.3
205	41.2
208	41
211	41.1
214	41.1
217	41
220	41
224	40.9
227	40.7
230	40.7
234	40.8
237	40.9
240	40.8
244	40.8
247	41.1
251	41.2
255	41
258	40.9
262	41.4
266	41.5
270	41.5
274	41.5
278	41.5
282	41.5
286	41.5
290	41.4
294	41.2
298	41.1
303	41
307	40.9
312	40.6
316	40.6
321	40.5
325	40.6
330	40.4
335	40.1
340	40
345	39.8
350	39.7
355	39.7
360	39.7
365	39.7
371	39.7
376	39.6
382	39.5
387	39.5
393	39.7
398	39.7
404	39.7
410	39.7
416	40.3
422	40.6
428	40.6
434	40.6
441	40.7
447	40.8
454	40.8
460	40.7
467	40.4
474	40.3
481	40.2
488	40.2
495	40.1
502	40.1
509	40.2
517	40.2
524	40.1
532	40
540	40
547	40.1
555	40
563	39.9
572	39.9
580	39.9
588	39.8
597	39.8
606	39.9
614	39.9
623	39.7
632	39.5
642	39.6
651	39.6
660	39.6
670	39.6
680	39.5
690	39.6
700	39.7
710	39.8
720	39.8
731	39.9
741	39.9
752	40
763	40
774	40.1
785	40.1
797	40.2
808	40.2
820	40.2
832	40.1
844	40.2
856	40.2
869	40.2
882	40.2
894	40.2
907	40.3
921	40.3
934	40.5
948	40.8
961	40.8
975	40.9
990	41.3
1004	41.4
1019	41.4
1033	41.5
1048	41.7
1064	41.8
1079	41.9
1095	42.1
1111	42.1
1127	42.2
1143	42.3
1160	42.3
1177	42.3
1194	42.4
1211	42.3
1229	42.5
1247	42.4
1265	42.5
1283	42.6
1302	42.6
1321	42.9
1340	43
1360	43.1
1379	43.3
1399	43.5
1420	43.6
1440	43.7
1461	43.7
1483	44
1504	44
1526	44.2
1548	44.3
1571	44.4
1594	44.4
1617	44.6
1640	44.6
1664	44.6
1688	44.5
1713	44.7
1738	44.5
1763	44.3
1789	44.1
1815	44.1
1841	44
1868	43.9
1895	43.8
1923	43.8
1951	43.8
1979	43.6
2008	43.6
2037	43.5
2067	43.5
2097	43.3
2127	43.1
2158	43.2
2190	43.2
2221	43.1
2254	43
2287	42.9
2320	42.8
2354	42.7
2388	42.7
2423	42.5
2458	42.4
2494	42.3
2530	42.1
2567	42
2604	41.9
2642	41.9
2680	41.8
2719	41.7
2759	41.7
2799	41.6
2840	41.6
2881	41.6
2923	41.6
2965	41.6
3008	41.6
3052	41.6
3097	41.6
3142	41.8
3187	41.8
3234	41.8
3281	41.8
3328	41.8
3377	41.8
3426	41.8
3476	41.8
3526	42.1
3578	42.1
3630	42.1
3682	42.1
3736	42.2
3790	42.4
3846	42.5
3901	42.7
3958	42.9
4016	43.2
4074	43.6
4133	44
4194	44.1
4255	44.8
4316	45.3
4379	46.1
4443	47.2
4508	48
4573	48.9
4640	49.7
4707	51.8
4776	52.8
4845	53.6
4916	54.5
4987	55.5
5060	56.1
5133	56.4
5208	56.5
5284	55.9
5360	55.5
5438	55.1
5518	54.1
5598	52.5
5679	50.8
5762	50
5846	48.8
5931	47.4
6017	46.2
6104	44.9
6193	43.4
6283	42.4
6375	41.2
6467	40.2
6561	39.2
6657	37.4
6754	36.4
6852	35.2
6952	34.6
7053	33.6
7155	32.7
7259	32.2
7365	31.8
7472	30.9
7581	30.5
7691	30.1
7803	29.9
7916	29.9
8032	29.9
8148	29.9
8267	30.2
8387	30.8
8509	31.3
8633	32.1
8758	32.6
8886	34.3
9015	35.3
9146	36.9
9279	39.6
9414	41
9551	41.8
9690	40.3
9831	39
9974	35.6
10119	34.1
10266	32.7
10416	31.1
10567	31.4
10721	30.9
10877	30.7
11035	30.6
11196	30.6
11358	30.8
11524	30.9
11691	30.5
11861	29.2
12034	27.2
12209	26.1
12386	25.3
12567	25.7
12749	26.3
12935	26.2
13123	25
13314	24.4
13507	23.8
13704	23.8
13903	24.2
14105	25.9
14311	27.1
14519	28
14730	27.4
14944	27.2
15162	25.9
15382	25.4
15606	24.7
15833	24
16063	23.5
16297	21.6
16534	20
16774	19.5
17018	19.1
17266	19.5
17517	22.7
17772	25
18030	24.3
18293	19.5
18559	18.8
18829	19
19102	20.5
19380	21.6
20000	21.2
overall dB	67.8 dB
decay	Average
averaging	1/24 Octave
source	USB-C to 3.5mm Headphone Jack Adapter L Mic Low Range
latitude	52
longitude	4.358
saved	07/01/2023, 12:32
peak	26.4Hz
