FFT	AudioTools 	v16.1.4 iPad battery  28%	10/01/2023, 15:02	USB-C to 3.5mm Headphone Jack Adapter L Mic Low Range	3E413E14-4E3E-409A-A5B7-705B65920E1E
Frequency	dB	Unweighted
19.5	62.4
19.8	62.4
20.1	62.4
20.3	62.4
20.6	62.2
20.9	62
21.2	61.7
21.6	61.5
21.9	61.3
22.2	61.1
22.5	61
22.8	61
23.2	61
23.5	61
23.8	60.9
24.2	60.9
24.5	60.8
24.9	60.6
25.3	60.5
25.6	60.3
26	60.2
26.4	60
26.8	59.5
27.2	59.2
27.5	58.8
28	58.1
28.4	57.9
28.8	58.4
29.2	59.1
29.6	60
30	61.7
30.5	62.5
30.9	63
31.4	63.1
31.8	62.9
32.3	62.3
32.8	62
33.2	61.7
33.7	61.4
34.2	61.4
34.7	61.3
35.2	61
35.7	60.7
36.2	60
36.8	59.6
37.3	59.9
37.9	60.9
38.4	61.9
39	63.4
39.5	64.2
40.1	64.5
40.7	64.2
41.3	63.7
41.9	62.5
42.5	61.7
43.1	61.2
43.7	60.8
44.4	60.4
45	59.6
45.7	59.1
46.3	58.9
47	59.7
47.7	60.7
48.4	61.5
49.1	62.1
49.8	62.4
50.5	62.2
51.3	61.6
52	60.7
52.8	58.7
53.5	57.6
54.3	57.1
55.1	56.8
55.9	56.5
56.7	56.2
57.5	56.2
58.4	56.4
59.2	57.5
60.1	59.1
61	60.9
61.8	61.5
62.7	61.2
63.7	59.9
64.6	59.5
65.5	60
66.5	60.1
67.4	59.6
68.4	58.9
69.4	59
70.4	59.5
71.5	60.3
72.5	60.5
73.5	60.4
74.6	60
75.7	58.9
76.8	57.3
77.9	56.8
79.1	57.5
80.2	58.7
81.4	59.7
82.6	59.8
83.8	58.8
85	58.3
86.2	58.6
87.5	58.7
88.7	57.9
90	57.1
91.3	57.1
92.7	58
94	58.8
95.4	58.6
96.8	57.9
98.2	56.8
99.6	56
101	56
103	57
104	58.8
106	59.7
107	59.4
109	58.5
110	57.1
112	56.7
113	56.8
115	56.6
117	56.6
118	57.1
120	58.3
122	58.6
124	58
125	57.4
127	56.8
129	56.8
131	56.9
133	56.9
135	55.9
137	55.9
139	57.3
141	58
143	57.8
145	57
147	57
149	57.2
151	56.9
154	56.5
156	56.4
158	56.5
160	56.5
163	56.7
165	56.7
168	57.3
170	58
172	58.9
175	59.6
177	60.1
180	60.7
183	60.6
185	60.1
188	58.8
191	58.3
194	57.7
196	56.6
199	56.6
202	57.5
205	57.9
208	57.9
211	58
214	58.3
217	58.8
220	58.7
224	58.3
227	57.7
230	57.4
234	56.8
237	55.8
240	55.7
244	56.1
247	57.1
251	57.9
255	58.6
258	58.6
262	59
266	58
270	57.2
274	56.7
278	57.1
282	57.6
286	58.4
290	59.5
294	60.6
298	61.3
303	61.3
307	59.5
312	57.9
316	56.8
321	56.7
325	56.1
330	56.3
335	56.5
340	56.6
345	57.1
350	57.1
355	57.6
360	57.4
365	56.5
371	55.7
376	55.4
382	55.1
387	54.8
393	54.7
398	54.9
404	55.4
410	55.8
416	56.2
422	55.6
428	55.2
434	55.5
441	56.1
447	56
454	56
460	56.1
467	56.1
474	55.8
481	55.7
488	55.9
495	55.5
502	55.5
509	55.9
517	55.6
524	55.2
532	55
540	55.2
547	55.4
555	55.2
563	55
572	54.9
580	54.7
588	54.5
597	54.5
606	55
614	55.1
623	55.1
632	55.4
642	55.6
651	55.5
660	55.3
670	56
680	56.1
690	55.6
700	55.3
710	55.1
720	55.2
731	55.7
741	55.4
752	55.7
763	55.9
774	55.1
785	54.4
797	54.8
808	55
820	54.7
832	54.3
844	54.2
856	54.1
869	54.1
882	54
894	53.9
907	53.8
921	54
934	54.4
948	54.5
961	54.5
975	54.5
990	55.1
1004	55.3
1019	55.3
1033	55.8
1048	56.1
1064	56.3
1079	56.3
1095	56.4
1111	56.2
1127	56.2
1143	56.4
1160	56.5
1177	56.5
1194	56.6
1211	56.6
1229	56.7
1247	56.6
1265	56.8
1283	56.8
1302	57.1
1321	57.3
1340	57.5
1360	57.6
1379	58.1
1399	58.4
1420	58.8
1440	58.8
1461	58.9
1483	59.3
1504	59.4
1526	60
1548	60.3
1571	60.4
1594	60.6
1617	60.9
1640	61.1
1664	61.4
1688	61.6
1713	62
1738	62
1763	62.1
1789	62.5
1815	62.8
1841	63.4
1868	63.6
1895	63.9
1923	64.3
1951	64.6
1979	64.8
2008	65.3
2037	65.6
2067	66.1
2097	66.4
2127	66.6
2158	66.9
2190	67.2
2221	67.6
2254	67.9
2287	68.4
2320	68.8
2354	69.1
2388	69.3
2423	69.5
2458	69.5
2494	69.5
2530	69.4
2567	69.2
2604	68.9
2642	68.7
2680	68.4
2719	68
2759	67.7
2799	67.4
2840	67
2881	66.8
2923	66.6
2965	66.4
3008	65.9
3052	65.5
3097	65.2
3142	64.7
3187	64.3
3234	64
3281	63.7
3328	63.5
3377	63.4
3426	63.3
3476	63.2
3526	63.6
3578	63.9
3630	64.4
3682	64.8
3736	65.2
3790	65.7
3846	66
3901	66.2
3958	66
4016	65.7
4074	65.8
4133	66.2
4194	66.5
4255	67.3
4316	67.9
4379	68.6
4443	69.5
4508	70.1
4573	70.9
4640	71.5
4707	73.7
4776	74.9
4845	76
4916	77.4
4987	78.9
5060	80
5133	80.9
5208	81.4
5284	81.4
5360	81.5
5438	81.5
5518	81
5598	79.5
5679	76.9
5762	75.5
5846	73.4
5931	71.3
6017	69.6
6104	67.8
6193	66
6283	64.8
6375	63.5
6467	62.4
6561	61.4
6657	59.8
6754	58.9
6852	57.9
6952	57.4
7053	56.5
7155	55.8
7259	55.5
7365	55
7472	54.1
7581	53.6
7691	53.3
7803	53.3
7916	53.3
8032	53.3
8148	53.4
8267	53.7
8387	54.4
8509	54.8
8633	55.5
8758	55.9
8886	57.2
9015	57.9
9146	58.9
9279	61
9414	62.6
9551	64.8
9690	68.7
9831	70.1
9974	69.3
10119	67.9
10266	65.9
10416	63.7
10567	63.8
10721	63.5
10877	63.6
11035	63.7
11196	64
11358	64
11524	63.4
11691	61.3
11861	59.3
12034	56.5
12209	55
12386	54
12567	53.1
12749	52.7
12935	51.9
13123	51.6
13314	51.6
13507	51.9
13704	52.4
13903	53.1
14105	55
14311	56.4
14519	57
14730	55.1
14944	53.5
15162	50
15382	48.7
15606	47.4
15833	46.9
16063	47
16297	48.5
16534	50.4
16774	52.7
17018	55.4
17266	55.2
17517	54.5
17772	52.8
18030	50.7
18293	47.9
18559	47.3
18829	46
19102	45.4
19380	44.9
20000	44
overall dB	89.3 dB
decay	Average
averaging	1/24 Octave
source	USB-C to 3.5mm Headphone Jack Adapter L Mic Low Range
latitude	51.998
longitude	4.378
saved	10/01/2023, 15:02
peak	14.6Hz
