FFT	AudioTools 	v16.1.4 iPad battery  28%	10/01/2023, 14:59	USB-C to 3.5mm Headphone Jack Adapter L Mic Low Range	3E413E14-4E3E-409A-A5B7-705B65920E1E
Frequency	dB	Unweighted
19.5	76.2
19.8	76.3
20.1	76.4
20.3	76.4
20.6	76.5
20.9	76.5
21.2	76.6
21.6	76.7
21.9	76.7
22.2	76.8
22.5	76.9
22.8	76.9
23.2	77
23.5	77
23.8	77.1
24.2	77.2
24.5	77.3
24.9	77.4
25.3	77.4
25.6	77.5
26	77.5
26.4	77.5
26.8	77.5
27.2	77.6
27.5	77.6
28	77.7
28.4	77.8
28.8	77.9
29.2	78
29.6	78.1
30	78.3
30.5	78.4
30.9	78.4
31.4	78.5
31.8	78.5
32.3	78.6
32.8	78.6
33.2	78.6
33.7	78.5
34.2	78.4
34.7	78.1
35.2	77.9
35.7	77.8
36.2	77.7
36.8	77.6
37.3	77.5
37.9	77.5
38.4	77.5
39	77.5
39.5	77.6
40.1	77.6
40.7	77.6
41.3	77.5
41.9	77.5
42.5	77.5
43.1	77.6
43.7	77.5
44.4	77.4
45	77.3
45.7	77.1
46.3	77
47	77
47.7	77.1
48.4	77.1
49.1	76.7
49.8	76.4
50.5	76.3
51.3	76.3
52	76.3
52.8	76.3
53.5	76.3
54.3	76.2
55.1	76.1
55.9	76
56.7	76
57.5	76.1
58.4	76.2
59.2	76.1
60.1	76.1
61	76.1
61.8	76.1
62.7	76
63.7	75.9
64.6	75.9
65.5	75.9
66.5	75.9
67.4	76
68.4	76.1
69.4	76
70.4	76
71.5	75.9
72.5	75.9
73.5	75.6
74.6	75.4
75.7	75.2
76.8	75.2
77.9	75.3
79.1	75.2
80.2	75.1
81.4	74.8
82.6	74.6
83.8	74.5
85	74.5
86.2	74.5
87.5	74.6
88.7	74.6
90	74.6
91.3	74.5
92.7	74.5
94	74.7
95.4	74.4
96.8	74.3
98.2	74.3
99.6	74.4
101	74.3
103	74.2
104	74.2
106	74.2
107	74.2
109	74.1
110	73.8
112	73.7
113	73.7
115	73.7
117	73.8
118	73.7
120	73.5
122	73.5
124	73.2
125	73.1
127	73
129	72.9
131	72.9
133	72.8
135	72.9
137	72.8
139	72.3
141	72.2
143	72.1
145	72
147	72
149	72
151	72
154	71.9
156	71.3
158	71.2
160	71.2
163	71.1
165	70.9
168	70.6
170	70.5
172	70.5
175	70.1
177	70
180	70
183	70.1
185	70.1
188	69.8
191	69.8
194	70
196	69.9
199	69.7
202	69.5
205	69.4
208	69.2
211	69.1
214	69.1
217	69
220	68.9
224	68.7
227	68.5
230	68.6
234	68.8
237	68.7
240	68.7
244	68.5
247	68.7
251	68.8
255	68.8
258	68.8
262	69.3
266	69.3
270	69.1
274	69.1
278	69.2
282	69.2
286	69.1
290	68.9
294	68.7
298	68.5
303	68.3
307	68
312	67.7
316	67.5
321	67.4
325	67.5
330	67.3
335	67.1
340	66.9
345	66.5
350	66.5
355	66.5
360	66.5
365	66.4
371	66.2
376	66.1
382	65.9
387	65.8
393	66.1
398	66.1
404	66.2
410	66.2
416	66.8
422	66.9
428	66.9
434	66.8
441	66.9
447	66.9
454	66.8
460	66.7
467	66.2
474	66.2
481	66.2
488	66.1
495	65.9
502	66
509	66.1
517	66.1
524	66
532	65.8
540	65.7
547	65.8
555	65.7
563	65.7
572	65.5
580	65.4
588	65.2
597	65.3
606	65.3
614	65.2
623	65.1
632	64.9
642	64.9
651	64.9
660	64.9
670	64.9
680	64.8
690	64.8
700	64.9
710	65
720	65.1
731	65
741	65.5
752	65.7
763	65.6
774	65.5
785	65.2
797	65.2
808	65.3
820	65.1
832	64.9
844	64.9
856	65
869	65.1
882	65.1
894	65
907	65.3
921	65.4
934	65.8
948	65.6
961	65.6
975	66
990	66.2
1004	66.2
1019	66.2
1033	66.2
1048	66.3
1064	66.3
1079	66.3
1095	66.3
1111	66.2
1127	66.1
1143	66.1
1160	66
1177	65.9
1194	65.9
1211	65.7
1229	65.6
1247	65.5
1265	65.4
1283	65.5
1302	65.5
1321	65.8
1340	65.9
1360	66
1379	66.2
1399	66.3
1420	66.5
1440	66.6
1461	66.7
1483	67.1
1504	67.2
1526	67.4
1548	67.5
1571	67.7
1594	67.9
1617	68.1
1640	68.1
1664	68.1
1688	68.1
1713	68.4
1738	68.4
1763	68.3
1789	68.4
1815	68.6
1841	68.8
1868	68.8
1895	69
1923	69.4
1951	69.6
1979	69.7
2008	70.2
2037	70.4
2067	70.6
2097	70.8
2127	70.9
2158	71
2190	71.1
2221	71.1
2254	71.1
2287	71.1
2320	71
2354	71
2388	70.9
2423	70.6
2458	70.4
2494	70.1
2530	69.8
2567	69.5
2604	69
2642	68.7
2680	68.3
2719	67.8
2759	67.5
2799	67.1
2840	66.8
2881	66.6
2923	66.2
2965	66
3008	65.8
3052	65.7
3097	65.6
3142	65.6
3187	65.5
3234	65.5
3281	65.6
3328	65.6
3377	65.6
3426	65.7
3476	65.8
3526	66.2
3578	66.4
3630	66.4
3682	66.5
3736	66.5
3790	66.6
3846	66.8
3901	67
3958	67.1
4016	67.4
4074	67.6
4133	68
4194	68.1
4255	68.6
4316	69
4379	69.7
4443	70.4
4508	70.5
4573	70.3
4640	70.5
4707	72.2
4776	73.4
4845	74.9
4916	76.8
4987	78.5
5060	79.8
5133	80.9
5208	81.6
5284	81.8
5360	82
5438	82.2
5518	81.8
5598	80.5
5679	78.3
5762	77.1
5846	75.4
5931	73.7
6017	72.2
6104	70.7
6193	69
6283	68
6375	66.6
6467	65.7
6561	64.8
6657	63.1
6754	62.3
6852	61.5
6952	61.1
7053	60.3
7155	59.7
7259	59.5
7365	59.4
7472	58.8
7581	58.5
7691	58.2
7803	58.1
7916	58.1
8032	58.1
8148	58.1
8267	58.4
8387	59
8509	59.4
8633	60
8758	60.4
8886	61.7
9015	62.4
9146	63.5
9279	65.6
9414	67.1
9551	69.2
9690	73.2
9831	74.8
9974	74.3
10119	73
10266	70.9
10416	68.6
10567	68.6
10721	68.2
10877	68.3
11035	68.6
11196	69.6
11358	70.3
11524	70.7
11691	69.5
11861	67.5
12034	64.1
12209	62.2
12386	60.9
12567	59.5
12749	58.9
12935	57.7
13123	57.2
13314	57.1
13507	57.2
13704	57.7
13903	58.3
14105	60.2
14311	61.7
14519	63.9
14730	63
14944	61.7
15162	57.9
15382	56.3
15606	54.3
15833	53.3
16063	53.2
16297	54.4
16534	56.3
16774	58.7
17018	61
17266	60.2
17517	56.6
17772	54.9
18030	53.2
18293	49.5
18559	48.2
18829	46.6
19102	46.2
19380	46
20000	45.8
overall dB	96.6 dB
decay	Average
averaging	1/24 Octave
source	USB-C to 3.5mm Headphone Jack Adapter L Mic Low Range
latitude	51.998
longitude	4.378
saved	10/01/2023, 14:59
peak	30.8Hz
