FFT	AudioTools 	v16.1.4 iPad battery  27%	10/01/2023, 15:04	USB-C to 3.5mm Headphone Jack Adapter L Mic Low Range	3E413E14-4E3E-409A-A5B7-705B65920E1E
Frequency	dB	Unweighted
19.5	65.8
19.8	65.9
20.1	66
20.3	66
20.6	66.2
20.9	66.4
21.2	66.6
21.6	66.7
21.9	66.8
22.2	67.1
22.5	67.2
22.8	67.3
23.2	67.4
23.5	67.5
23.8	67.7
24.2	67.8
24.5	68
24.9	68.2
25.3	68.3
25.6	68.4
26	68.5
26.4	68.6
26.8	68.7
27.2	68.8
27.5	68.9
28	69
28.4	69.1
28.8	69.2
29.2	69.2
29.6	69.3
30	69.5
30.5	69.6
30.9	69.5
31.4	69.5
31.8	69.5
32.3	69.6
32.8	69.6
33.2	69.6
33.7	69.9
34.2	70
34.7	70.2
35.2	70.4
35.7	70.5
36.2	70.6
36.8	70.6
37.3	70.5
37.9	70.5
38.4	70.5
39	70.4
39.5	70.4
40.1	70.3
40.7	70.3
41.3	70.3
41.9	70.3
42.5	70.5
43.1	70.6
43.7	70.7
44.4	70.8
45	70.8
45.7	70.8
46.3	70.7
47	70.7
47.7	70.9
48.4	71
49.1	71.4
49.8	71.7
50.5	71.8
51.3	71.7
52	71.5
52.8	71.3
53.5	71.2
54.3	71.1
55.1	71
55.9	70.9
56.7	71
57.5	71.1
58.4	71.2
59.2	71.2
60.1	71.1
61	71
61.8	71
62.7	71
63.7	71.1
64.6	71.2
65.5	71.3
66.5	71.2
67.4	71.1
68.4	71.1
69.4	71.1
70.4	71.1
71.5	71.1
72.5	71.2
73.5	71.1
74.6	71
75.7	70.9
76.8	70.8
77.9	70.8
79.1	70.7
80.2	70.7
81.4	70.6
82.6	70.7
83.8	70.7
85	70.9
86.2	71
87.5	71.1
88.7	71.3
90	71.3
91.3	71.2
92.7	71.1
94	71.1
95.4	70.9
96.8	70.8
98.2	70.9
99.6	71
101	71
103	71
104	71.1
106	71.1
107	70.9
109	70.8
110	70.8
112	70.7
113	70.6
115	70.7
117	70.7
118	70.6
120	70.8
122	70.8
124	70.6
125	70.5
127	70.6
129	70.9
131	70.9
133	70.7
135	70.6
137	70.6
139	70.3
141	70.3
143	70.2
145	70
147	69.8
149	69.6
151	69.6
154	69.8
156	69.8
158	69.7
160	69.6
163	69.4
165	69.3
168	69.1
170	69.1
172	69.1
175	69.1
177	69
180	68.6
183	68.7
185	68.7
188	68.5
191	68.6
194	68.6
196	68.3
199	68.3
202	68.4
205	68.3
208	68
211	67.9
214	67.9
217	67.6
220	67.4
224	67.3
227	67.3
230	67.3
234	67.3
237	67.4
240	67.4
244	67.3
247	67.6
251	67.6
255	67.4
258	67.2
262	67.7
266	67.9
270	68
274	68
278	68.2
282	68.2
286	67.9
290	67.9
294	67.7
298	67.6
303	67.5
307	67.2
312	66.8
316	66.8
321	66.8
325	66.9
330	66.5
335	66.3
340	66.1
345	65.8
350	65.8
355	65.8
360	65.8
365	65.8
371	65.7
376	65.6
382	65.5
387	65.4
393	65.6
398	65.5
404	65.6
410	65.6
416	66.3
422	66.5
428	66.5
434	66.4
441	66.3
447	66.5
454	66.4
460	66.3
467	66
474	65.9
481	65.7
488	65.6
495	65.5
502	65.6
509	65.7
517	65.7
524	65.4
532	65.3
540	65.3
547	65.2
555	65.1
563	65.1
572	65
580	64.9
588	64.8
597	64.8
606	64.7
614	64.7
623	64.6
632	64.4
642	64.3
651	64.3
660	64.3
670	64.4
680	64.3
690	64.3
700	64.4
710	64.4
720	64.3
731	64.4
741	64.5
752	64.5
763	64.5
774	64.4
785	64.5
797	64.5
808	64.4
820	64.4
832	64.3
844	64.3
856	64.3
869	64.3
882	64.3
894	64.3
907	64.4
921	64.3
934	64.5
948	64.7
961	64.7
975	64.6
990	65.1
1004	65.2
1019	65.2
1033	65.3
1048	65.5
1064	65.5
1079	65.6
1095	65.7
1111	65.6
1127	65.6
1143	65.7
1160	65.6
1177	65.5
1194	65.5
1211	65.5
1229	65.6
1247	65.5
1265	65.6
1283	65.8
1302	65.8
1321	66.2
1340	66.4
1360	66.4
1379	66.7
1399	66.9
1420	67.1
1440	67.2
1461	67.4
1483	67.8
1504	68
1526	68.3
1548	68.4
1571	68.6
1594	68.9
1617	69.2
1640	69.3
1664	69.6
1688	69.6
1713	70.1
1738	70.2
1763	70.1
1789	70.3
1815	70.5
1841	70.7
1868	70.7
1895	70.8
1923	71
1951	71.1
1979	71.1
2008	71.1
2037	71
2067	70.8
2097	70.6
2127	70.4
2158	70.2
2190	70
2221	69.6
2254	69.3
2287	69
2320	68.6
2354	68.3
2388	68.1
2423	67.5
2458	67.2
2494	66.8
2530	66.5
2567	66.2
2604	65.8
2642	65.7
2680	65.3
2719	65.1
2759	64.9
2799	64.6
2840	64.5
2881	64.5
2923	64.4
2965	64.4
3008	64.3
3052	64.2
3097	64.2
3142	64.3
3187	64.4
3234	64.5
3281	64.6
3328	64.7
3377	64.9
3426	65.1
3476	65.1
3526	65.6
3578	65.8
3630	65.9
3682	66.1
3736	66.2
3790	66.5
3846	66.8
3901	67.2
3958	67.5
4016	67.9
4074	68.5
4133	69
4194	69.3
4255	70.1
4316	70.8
4379	71.5
4443	72.3
4508	72.5
4573	72.6
4640	73.1
4707	75.4
4776	77
4845	78.3
4916	79.3
4987	80.2
5060	80.3
5133	79.9
5208	79.3
5284	77.8
5360	76.8
5438	75.8
5518	74.4
5598	72.7
5679	70.8
5762	69.9
5846	68.9
5931	68
6017	67.3
6104	66.5
6193	65.7
6283	65.2
6375	64.7
6467	64.3
6561	64
6657	63
6754	62.7
6852	62.6
6952	62.5
7053	62.3
7155	62.5
7259	62.9
7365	63.4
7472	63.6
7581	64
7691	64.9
7803	65.4
7916	66.3
8032	67.3
8148	68.1
8267	69
8387	69.7
8509	69.7
8633	69.2
8758	68.8
8886	68.4
9015	68.2
9146	68.1
9279	68.5
9414	69
9551	69.9
9690	71.5
9831	72.1
9974	71.2
10119	70.1
10266	68.2
10416	65.3
10567	64.9
10721	63.2
10877	62.1
11035	61.5
11196	60.5
11358	60.2
11524	60
11691	59.6
11861	58.9
12034	59
12209	59.4
12386	59.8
12567	60.6
12749	60.5
12935	59.5
13123	58.9
13314	58.7
13507	59.5
13704	60.6
13903	60.9
14105	58.5
14311	56.3
14519	51.9
14730	49.6
14944	48.6
15162	46.7
15382	45.9
15606	44.7
15833	43.9
16063	43.5
16297	43.2
16534	43.3
16774	44
17018	44.5
17266	44.5
17517	49
17772	50.6
18030	47.3
18293	39.8
18559	40.7
18829	41.3
19102	41.5
19380	41.4
20000	40.6
overall dB	92.4 dB
decay	Average
averaging	1/24 Octave
source	USB-C to 3.5mm Headphone Jack Adapter L Mic Low Range
latitude	51.998
longitude	4.378
saved	10/01/2023, 15:04
peak	49.8Hz
