FFT	AudioTools 	v16.1.4 iPad battery  27%	10/01/2023, 15:06	USB-C to 3.5mm Headphone Jack Adapter L Mic Low Range	3E413E14-4E3E-409A-A5B7-705B65920E1E
Frequency	dB	Unweighted
19.5	65.2
19.8	65.4
20.1	65.5
20.3	65.5
20.6	65.7
20.9	65.9
21.2	66.1
21.6	66.2
21.9	66.4
22.2	66.7
22.5	66.8
22.8	66.9
23.2	67.1
23.5	67.3
23.8	67.5
24.2	67.6
24.5	67.8
24.9	68
25.3	68.2
25.6	68.4
26	68.5
26.4	68.6
26.8	68.7
27.2	68.8
27.5	68.9
28	69
28.4	69.1
28.8	69.2
29.2	69.3
29.6	69.4
30	69.6
30.5	69.8
30.9	69.8
31.4	69.9
31.8	69.9
32.3	70
32.8	70.1
33.2	70.2
33.7	70.4
34.2	70.5
34.7	70.6
35.2	70.8
35.7	70.9
36.2	71.1
36.8	71.2
37.3	71.4
37.9	71.5
38.4	71.6
39	71.6
39.5	71.6
40.1	71.6
40.7	71.4
41.3	71.3
41.9	71.2
42.5	71.3
43.1	71.5
43.7	71.7
44.4	71.8
45	71.8
45.7	71.7
46.3	71.7
47	71.7
47.7	71.8
48.4	71.9
49.1	71.9
49.8	71.9
50.5	72.1
51.3	72.2
52	72.3
52.8	72.3
53.5	72.2
54.3	72.2
55.1	72.1
55.9	72.2
56.7	72.4
57.5	72.6
58.4	72.7
59.2	72.8
60.1	72.8
61	72.9
61.8	72.9
62.7	72.9
63.7	73
64.6	73.1
65.5	73.1
66.5	73.1
67.4	73.1
68.4	73.3
69.4	73.3
70.4	73.3
71.5	73.4
72.5	73.5
73.5	73.4
74.6	73.2
75.7	73.2
76.8	73.2
77.9	73.3
79.1	73.3
80.2	73.2
81.4	73.2
82.6	73.3
83.8	73.4
85	73.5
86.2	73.6
87.5	73.6
88.7	73.6
90	73.7
91.3	73.7
92.7	73.7
94	73.9
95.4	74
96.8	74
98.2	74
99.6	74.1
101	74.1
103	74.1
104	74.1
106	74.1
107	74.1
109	74.1
110	73.9
112	73.9
113	73.9
115	73.9
117	74
118	74
120	73.9
122	73.9
124	74
125	73.9
127	73.7
129	73.9
131	73.9
133	73.8
135	73.8
137	73.8
139	73.5
141	73.4
143	73.4
145	73.6
147	73.5
149	73.4
151	73.4
154	73.4
156	73.2
158	73.2
160	73.2
163	73.1
165	73
168	72.9
170	72.8
172	72.8
175	72.6
177	72.6
180	72.5
183	72.5
185	72.4
188	72.3
191	72.2
194	72.2
196	72.1
199	72
202	71.8
205	71.8
208	71.7
211	71.6
214	71.6
217	71.4
220	71.3
224	71.2
227	71.2
230	71.2
234	71.3
237	71.5
240	71.5
244	71.4
247	71.6
251	71.6
255	71.5
258	71.3
262	71.7
266	71.9
270	71.9
274	72
278	72
282	71.9
286	71.7
290	71.7
294	71.5
298	71.3
303	71.2
307	70.9
312	70.6
316	70.6
321	70.5
325	70.4
330	70.1
335	69.8
340	69.6
345	69.4
350	69.4
355	69.4
360	69.2
365	68.9
371	68.8
376	68.7
382	68.6
387	68.5
393	68.7
398	68.6
404	68.6
410	68.6
416	69.2
422	69.3
428	69.1
434	69
441	69.1
447	69.2
454	69
460	68.9
467	68.4
474	68.2
481	68
488	67.9
495	67.7
502	67.5
509	67.4
517	67.3
524	67
532	66.8
540	66.7
547	66.7
555	66.4
563	66.3
572	66.1
580	65.9
588	65.7
597	65.5
606	65.3
614	65.2
623	64.9
632	64.8
642	64.7
651	64.5
660	64.3
670	64.1
680	63.9
690	63.9
700	63.9
710	63.9
720	63.7
731	63.6
741	63.6
752	63.5
763	63.4
774	63.3
785	63.2
797	63.2
808	63.1
820	63
832	62.9
844	62.8
856	62.8
869	62.8
882	62.7
894	62.7
907	62.8
921	62.8
934	63.1
948	63.5
961	63.5
975	63.7
990	64.2
1004	64.4
1019	64.4
1033	64.7
1048	65.2
1064	65.3
1079	65.5
1095	65.8
1111	65.9
1127	66.1
1143	66.5
1160	66.6
1177	66.9
1194	67.1
1211	67.2
1229	67.5
1247	67.6
1265	67.8
1283	68
1302	68
1321	68.5
1340	68.7
1360	68.8
1379	69.1
1399	69.2
1420	69.4
1440	69.5
1461	69.5
1483	69.6
1504	69.6
1526	69.8
1548	69.7
1571	69.8
1594	69.6
1617	69.6
1640	69.4
1664	69
1688	68.8
1713	68.6
1738	68.3
1763	67.8
1789	67.2
1815	67
1841	66.6
1868	66.1
1895	65.9
1923	65.5
1951	65.2
1979	64.8
2008	64.4
2037	64.1
2067	63.8
2097	63.4
2127	63.1
2158	62.7
2190	62.5
2221	62
2254	61.8
2287	61.6
2320	61.3
2354	61.1
2388	60.9
2423	60.4
2458	60.1
2494	59.9
2530	59.6
2567	59.4
2604	59.2
2642	59.1
2680	58.9
2719	58.8
2759	58.5
2799	58.4
2840	58.3
2881	58.3
2923	58.3
2965	58.3
3008	58.3
3052	58.4
3097	58.5
3142	58.6
3187	58.7
3234	58.9
3281	59
3328	59.2
3377	59.4
3426	59.5
3476	59.7
3526	60.2
3578	60.3
3630	60.5
3682	60.6
3736	60.8
3790	61.1
3846	61.4
3901	61.7
3958	62
4016	62.3
4074	62.8
4133	63.3
4194	63.5
4255	64.3
4316	64.9
4379	65.7
4443	66.7
4508	66.9
4573	66.4
4640	66.1
4707	68.6
4776	70.5
4845	72.1
4916	73.8
4987	75.4
5060	76.6
5133	77.7
5208	78.2
5284	78.1
5360	77.8
5438	77.1
5518	75.7
5598	73.7
5679	71.4
5762	70.4
5846	69.1
5931	67.9
6017	66.9
6104	65.9
6193	64.9
6283	64.2
6375	63.5
6467	62.9
6561	62.4
6657	61.2
6754	60.7
6852	60.2
6952	60
7053	59.4
7155	59.2
7259	59.1
7365	59.1
7472	58.6
7581	58.5
7691	58.8
7803	59
7916	59.3
8032	59.6
8148	59.9
8267	60.3
8387	60.8
8509	60.9
8633	60.8
8758	60.6
8886	60.7
9015	60.7
9146	60.7
9279	61
9414	61.4
9551	62.1
9690	63.4
9831	64.3
9974	65.7
10119	66.3
10266	66.3
10416	64.5
10567	64
10721	61.5
10877	60
11035	59
11196	57.3
11358	56.6
11524	55.9
11691	54.7
11861	53.4
12034	51.5
12209	50.1
12386	48.9
12567	46.9
12749	45.6
12935	43.3
13123	42.3
13314	42.1
13507	42.6
13704	43.7
13903	44.3
14105	43.1
14311	42.6
14519	43.2
14730	44.6
14944	46.2
15162	47.4
15382	47.1
15606	45.3
15833	43.9
16063	43.2
16297	42.4
16534	42.3
16774	42.8
17018	43
17266	43.1
17517	48
17772	51
18030	49.6
18293	43.9
18559	43
18829	41.6
19102	40.8
19380	39.9
20000	37.6
overall dB	93.3 dB
decay	Average
averaging	1/24 Octave
source	USB-C to 3.5mm Headphone Jack Adapter L Mic Low Range
latitude	51.998
longitude	4.378
saved	10/01/2023, 15:06
peak	39.6Hz
