

19.5	58.330
19.8	58.358
20.1	58.387
20.3	58.416
20.6	58.497
20.9	58.578
21.2	58.661
21.6	58.695
21.9	58.829
22.2	58.965
22.5	59.002
22.8	59.040
23.2	59.079
23.5	59.118
23.8	59.209
24.2	59.250
24.5	59.292
24.9	59.434
25.3	59.477
25.6	59.571
26.0	59.667
26.4	59.713
26.8	59.760
27.2	59.758
27.5	59.757
28.0	59.756
28.4	59.756
28.8	59.758
29.2	59.810
29.6	59.863
30.0	60.017
30.5	60.172
30.9	60.179
31.4	60.236
31.8	60.244
32.3	60.203
32.8	60.163
33.2	60.124
33.7	60.186
34.2	60.149
34.7	60.163
35.2	60.227
35.7	60.242
36.2	60.208
36.8	60.175
37.3	60.142
37.9	60.210
38.4	60.280
39.0	60.300
39.5	60.272
40.1	60.295
40.7	60.168
41.3	60.092
41.9	59.967
42.5	60.092
43.1	60.219
43.7	60.347
44.4	60.425
45.0	60.305
45.7	60.236
46.3	60.117
47.0	60.149
47.7	60.232
48.4	60.316
49.1	60.251
49.8	60.236
50.5	60.222
51.3	60.309
52.0	60.397
52.8	60.335
53.5	60.324
54.3	60.214
55.1	60.154
55.9	60.195
56.7	60.338
57.5	60.481
58.4	60.624
59.2	60.619
60.1	60.614
61.0	60.560
61.8	60.507
62.7	60.404
63.7	60.452
64.6	60.551
65.5	60.551
66.5	60.551
67.4	60.602
68.4	60.705
69.4	60.658
70.4	60.662
71.5	60.666
72.5	60.720
73.5	60.575
74.6	60.531
75.7	60.487
76.8	60.543
77.9	60.551
79.1	60.558
80.2	60.567
81.4	60.527
82.6	60.537
83.8	60.548
85.0	60.559
86.2	60.671
87.5	60.833
88.7	60.947
90.0	61.059
91.3	60.973
92.7	60.938
94.0	61.053
95.4	61.018
96.8	61.035
98.2	61.051
99.6	61.168
101.0	61.186
103.0	61.204
104.0	61.172
106.0	61.192
107.0	61.212
109.0	61.182
110.0	61.152
112.0	61.174
113.0	61.195
115.0	61.167
117.0	61.239
118.0	61.262
120.0	61.235
122.0	61.309
124.0	61.232
125.0	61.106
127.0	61.079
129.0	61.254
131.0	61.329
133.0	61.304
135.0	61.180
137.0	61.107
139.0	60.984
141.0	61.060
143.0	61.087
145.0	61.115
147.0	61.093
149.0	61.072
151.0	61.150
154.0	61.129
156.0	60.908
158.0	60.887
160.0	60.917
163.0	60.847
165.0	60.777
168.0	60.757
170.0	60.738
172.0	60.769
175.0	60.700
177.0	60.631
180.0	60.613
183.0	60.646
185.0	60.630
188.0	60.514
191.0	60.548
194.0	60.634
196.0	60.469
199.0	60.454
202.0	60.388
205.0	60.423
208.0	60.407
211.0	60.291
214.0	60.374
217.0	60.205
220.0	60.186
224.0	60.216
227.0	60.144
230.0	60.170
234.0	60.345
237.0	60.467
240.0	60.488
244.0	60.457
247.0	60.825
251.0	60.993
255.0	60.810
258.0	60.726
262.0	61.242
266.0	61.407
270.0	61.470
274.0	61.433
278.0	61.545
282.0	61.608
286.0	61.570
290.0	61.433
294.0	61.295
298.0	61.157
303.0	61.218
307.0	61.079
312.0	60.739
316.0	60.649
321.0	60.659
325.0	60.721
330.0	60.534
335.0	60.350
340.0	60.219
345.0	60.143
350.0	60.019
355.0	60.149
360.0	60.081
365.0	60.065
371.0	60.001
376.0	60.089
382.0	59.977
387.0	60.065
393.0	60.254
398.0	60.293
404.0	60.382
410.0	60.471
416.0	61.160
422.0	61.299
428.0	61.288
434.0	61.377
441.0	61.566
447.0	61.655
454.0	61.694
460.0	61.584
467.0	61.323
474.0	61.212
481.0	61.151
488.0	61.140
495.0	61.129
502.0	61.168
509.0	61.307
517.0	61.296
524.0	61.135
532.0	61.125
540.0	61.064
547.0	61.151
555.0	61.087
563.0	61.171
572.0	61.103
580.0	61.033
588.0	60.960
597.0	60.934
606.0	60.954
614.0	60.969
623.0	60.781
632.0	60.748
642.0	60.833
651.0	60.883
660.0	60.831
670.0	60.811
680.0	60.818
690.0	60.809
700.0	60.894
710.0	60.930
720.0	60.868
731.0	60.804
741.0	60.889
752.0	60.870
763.0	60.943
774.0	60.809
785.0	60.763
797.0	60.758
808.0	60.689
820.0	60.614
832.0	60.377
844.0	60.236
856.0	60.188
869.0	59.994
882.0	59.798
894.0	59.756
907.0	59.671
921.0	59.602
934.0	59.784
948.0	59.784
961.0	59.733
975.0	59.698
990.0	60.072
1004.0	60.148
1019.0	60.078
1033.0	60.206
1048.0	60.387
1064.0	60.427
1079.0	60.456
1095.0	60.593
1111.0	60.425
1127.0	60.507
1143.0	60.687
1160.0	60.623
1177.0	60.610
1194.0	60.644
1211.0	60.580
1229.0	60.671
1247.0	60.614
1265.0	60.601
1283.0	60.739
1302.0	60.677
1321.0	60.866
1340.0	60.998
1360.0	61.084
1379.0	61.356
1399.0	61.433
1420.0	61.602
1440.0	61.765
1461.0	61.771
1483.0	61.977
1504.0	62.068
1526.0	62.208
1548.0	62.236
1571.0	62.364
1594.0	62.480
1617.0	62.640
1640.0	62.591
1664.0	62.687
1688.0	62.625
1713.0	62.858
1738.0	62.781
1763.0	62.497
1789.0	62.557
1815.0	62.708
1841.0	62.799
1868.0	62.734
1895.0	62.759
1923.0	62.978
1951.0	63.085
1979.0	63.137
2008.0	63.477
2037.0	63.562
2067.0	63.836
2097.0	63.955
2127.0	64.014
2158.0	64.319
2190.0	64.415
2221.0	64.557
2254.0	64.694
2287.0	64.729
2320.0	64.761
2354.0	64.795
2388.0	64.729
2423.0	64.618
2458.0	64.463
2494.0	64.418
2530.0	64.286
2567.0	64.171
2604.0	64.128
2642.0	64.011
2680.0	64.025
2719.0	63.974
2759.0	63.913
2799.0	63.940
2840.0	63.954
2881.0	64.051
2923.0	64.173
2965.0	64.311
3008.0	64.459
3052.0	64.657
3097.0	64.802
3142.0	65.091
3187.0	65.324
3234.0	65.501
3281.0	65.620
3328.0	65.836
3377.0	65.945
3426.0	66.100
3476.0	66.199
3526.0	66.593
3578.0	66.728
3630.0	66.855
3682.0	66.972
3736.0	67.029
3790.0	67.221
3846.0	67.400
3901.0	67.663
3958.0	67.860
4016.0	68.137
4074.0	68.600
4133.0	68.843
4194.0	68.968
4255.0	69.526
4316.0	69.918
4379.0	70.493
4443.0	71.299
4508.0	71.791
4573.0	72.266
4640.0	72.425
4707.0	73.820
4776.0	74.202
4845.0	74.275
4916.0	74.442
4987.0	74.809
5060.0	74.730
5133.0	74.468
5208.0	74.082
5284.0	73.086
5360.0	72.594
5438.0	72.219
5518.0	71.622
5598.0	70.712
5679.0	69.836
5762.0	69.637
5846.0	69.200
5931.0	68.854
6017.0	68.419
6104.0	67.862
6193.0	67.003
6283.0	66.389
6375.0	65.597
6467.0	65.070
6561.0	64.418
6657.0	62.976
6754.0	62.419
6852.0	61.627
6952.0	61.339
7053.0	60.602
7155.0	60.012
7259.0	59.770
7365.0	59.472
7472.0	58.723
7581.0	58.368
7691.0	58.107
7803.0	57.935
7916.0	57.947
8032.0	57.833
8148.0	57.689
8267.0	57.857
8387.0	58.032
8509.0	58.113
8633.0	58.559
8758.0	58.391
8886.0	59.494
9015.0	59.663
9146.0	60.181
9279.0	61.381
9414.0	61.593
9551.0	61.317
9690.0	59.271
9831.0	57.830
9974.0	54.376
10119.0	53.184
10266.0	51.870
10416.0	50.017
10567.0	50.563
10721.0	49.478
10877.0	49.050
11035.0	48.997
11196.0	48.459
11358.0	48.939
11524.0	49.557
11691.0	50.146
11861.0	50.282
12034.0	50.774
12209.0	51.753
12386.0	52.721
12567.0	54.924
12749.0	56.270
12935.0	58.551
13123.0	59.764
13314.0	60.378
13507.0	60.254
13704.0	59.824
13903.0	58.940
14105.0	55.595
14311.0	52.701
14519.0	48.123
14730.0	45.819
14944.0	45.295
15162.0	45.066
15382.0	44.927
15606.0	43.655
15833.0	41.860
16063.0	40.843
16297.0	39.644
16534.0	40.522
16774.0	42.908
17018.0	45.196
17266.0	46.953
17517.0	50.736
17772.0	56.764
18030.0	59.892
18293.0	58.198
18559.0	56.189
18829.0	54.286
19102.0	53.509
19380.0	52.660
20000.0	49.390
